-2.592561495969448e-08
-2.328720950650815e-07
-1.005948604735838e-06
-2.840498323447841e-06
-4.048042671204014e-06
-1.368815049390043e-06
-4.633832452491939e-07
-1.412449008195287e-06
1.419423689724998e-06
1.502935322666741e-06
2.589728293819165e-06
4.275784128175642e-06
3.284523355158316e-06
4.522739784279506e-07
-4.23206875247363e-07
-1.943733711794661e-06
-1.859110320855821e-06
-8.633245795248504e-07
-3.07891235910029e-07
-2.627464748911838e-07
-7.068883197167187e-07
4.948856270908373e-07
1.018561010267372e-07
3.721671237188245e-08
3.657124279860768e-08
3.446760147945095e-08
3.591551593205892e-08
1.132784429571265e-07
2.63326831871223e-07
3.05749939785788e-07
2.222596538681352e-07
2.883011052203447e-07
5.988659029196716e-08
5.200222040609645e-08
1.480039016668807e-07
1.488399665576275e-07
3.500956515855302e-08
-2.308011876328646e-08
-1.077429963681185e-07
-9.785719956625096e-08
2.664057975528221e-08
-5.78534689452464e-08
5.876898177703209e-09
-5.856709706570132e-08
4.018682599403518e-08
-1.542383868640602e-07
-1.202220635365765e-07
-1.584879586911603e-07
-2.08049429281976e-07
-7.479512345595893e-08
-2.195030636455724e-07
1.727498470978304e-07
2.480904791053084e-07
-7.582314437892351e-08
-2.507214534578093e-08
2.520613976934608e-07
2.633236283129742e-07
-9.194885653769589e-08
3.058790069524131e-07
5.751912661692037e-08
2.932082523880031e-07
-4.954158802902522e-07
-1.785601727431132e-07
7.688082013747916e-08
-4.376075564726693e-07
5.727097532568124e-08
1.97956855792173e-07
8.06386532355334e-08
1.978011480051172e-07
-3.227107634367663e-07
-4.633984465171424e-07
-5.076881025970381e-08
-1.752021752633684e-07
1.853876980942998e-07
7.289779531588646e-08
1.691045026306772e-07
7.180719318494786e-08
3.260161255385112e-07
3.180349182044659e-07
3.813421677993957e-07
2.582303437733305e-07
7.987367617065294e-08
4.658463557656409e-07
3.191266676763785e-07
-4.29585016366125e-07
-1.723500336655744e-07
3.758146717437845e-07
4.360870435740721e-07
1.084444290452654e-07
-3.077989225732579e-07
-4.322579048759571e-08
-1.580471407736345e-07
4.12483028019398e-08
1.798934209453662e-08
-2.29452121295726e-08
-8.492547440295467e-08
-2.13949158374272e-07
9.623301871759611e-08
-1.572396783941947e-07
-3.133500608234821e-07
-4.45968555180399e-07
3.994999476195478e-07
-1.715301510952363e-08
3.71288422825559e-07
-2.112037824875368e-07
1.437188423453206e-07
4.856497179684263e-08
1.307947220896369e-07
-1.311838751570986e-08
5.337596399453399e-08
-1.475855733361573e-07
-1.464841586187989e-07
3.955942104276029e-07
2.538332874360076e-07
1.722423854289408e-07
-1.587937284044495e-07
-1.818631117124059e-08
-9.4481375084288e-09
1.669399847988301e-07
-4.795213480264879e-08
-1.611378656130827e-07
-6.199228448382384e-07
-1.240331126242299e-08
-1.99721416331713e-07
-6.757487758787596e-09
5.448695474928305e-08
4.209496650258101e-08
-1.921223724081525e-07
3.965502379126574e-07
-4.441160680598912e-07
2.287586768449664e-07
3.562535651929943e-07
3.862724398721341e-07
1.521241464164166e-07
1.379442206392717e-07
1.545992363684066e-07
-1.47545258712256e-07
2.298975768189635e-08
2.505204544144203e-09
-2.764255072537685e-08
1.621831845628199e-07
2.142978876566542e-08
3.070483839949922e-07
1.348273891165665e-07
3.650232912174118e-07
1.346757420686323e-07
-9.814531376611935e-08
-2.701982393906127e-07
-1.481402503625026e-07
2.207767876226603e-07
3.77214971719852e-07
-3.705736540716068e-07
-4.917507817033939e-07
6.152336928419498e-07
8.250064031172767e-07
-1.521953185361138e-07
-4.696493368812098e-07
2.176746247202405e-07
-5.046899766121579e-07
5.17520302080773e-07
1.826777628628431e-07
-2.166583171022004e-07
-3.205374220301359e-07
1.010488635588863e-07
3.481248164673196e-07
-1.719993021890324e-07
-1.649279104030789e-07
-5.06191871037155e-08
5.509361408350457e-07
-8.14698629545373e-07
2.963885183848779e-07
2.870369541242376e-07
8.323150300544294e-09
-1.541301836259024e-07
1.090264716151577e-07
-2.017685725263976e-07
2.150949127657145e-07
-6.944586696186908e-08
1.395524456902567e-07
-1.092239481415388e-07
-1.09373974202645e-07
2.081453247529241e-08
1.461326270872205e-07
1.226844122931209e-07
1.555459257746956e-08
-1.12451014806475e-07
-2.062496155806311e-08
1.644553997695591e-07
-1.088631898349727e-07
1.493258252157562e-07
-2.471873403713161e-07
4.475077593870699e-08
1.699446994134265e-07
1.508295404410937e-07
-1.435960711019368e-08
-6.83197600558162e-08
-3.159421973009763e-07
4.322923811857394e-07
-4.16318526987704e-08
-3.130829828006876e-08
6.483623963266997e-08
-7.129690804805716e-08
2.037725914757212e-07
-9.643474254181056e-09
6.678479411823419e-08
1.297463092801963e-07
-1.910344321898788e-08
4.4025773316397e-08
1.051161662678158e-07
-1.568941285535163e-07
1.687253577408241e-07
1.965775179963204e-07
-1.180250297931485e-07
1.529108237252485e-07
1.965338358870849e-07
-1.701754688971522e-08
1.104005817086966e-07
1.128931875917853e-07
4.868826046225855e-08
1.536235885878434e-07
1.635164375962716e-07
1.684018713346655e-07
1.29419768463298e-07
3.149035887384963e-07
2.428677192573076e-07
4.131202935875684e-07
4.51587815842135e-07
5.336680174918349e-07
7.054545787548696e-07
7.933063224971503e-07
1.075919782402505e-06
1.079880910831326e-06
1.378617991013213e-06
1.478147032636392e-06
1.632292008649742e-06
1.678154212703179e-06
1.721938487796787e-06
1.737756540278257e-06
1.65984582103268e-06
1.501523105800732e-06
1.382584198971952e-06
1.138292091172735e-06
9.32929646815967e-07
6.666369130663044e-07
4.598279737123151e-07
2.110346920519248e-07
-6.355357444931035e-10
-3.481059110372933e-06
-3.801463941203652e-06
-2.245644439957684e-06
9.120921932591674e-08
1.41959791323304e-06
9.374122663381983e-07
3.70752997181067e-07
1.792907540170634e-07
9.181446166756234e-08
1.888152915446243e-07
7.467199326716612e-07
1.726264114243903e-06
1.771462339284093e-06
4.057702122928046e-07
3.903613563531533e-07
1.176983088622243e-06
5.121199981142928e-06
2.834585616672048e-06
-2.358761726113182e-06
-5.515356237530827e-06
8.985513172793135e-06
-1.049070859092473e-05
-1.727176663235923e-06
6.941757668421996e-08
6.788888965563032e-08
6.362811816651251e-08
6.574107074467918e-08
-2.379204161436645e-08
-7.88727132309353e-08
-1.552087902547021e-07
4.617158764718227e-08
-5.646318220716261e-09
4.658329922368579e-09
1.299438206104252e-07
6.066388412021055e-08
3.247956947837592e-07
3.72585326624917e-07
1.925976911885559e-07
4.115606837341643e-09
1.78473431457762e-09
-8.134031571129121e-08
-1.752730473140086e-07
-2.386855361688134e-07
-1.360594192379257e-07
1.600908325098683e-07
1.695447447983209e-07
2.2579348001192e-07
-6.977147273662873e-08
-3.000647619821296e-07
-4.73619870595699e-07
-1.282539011609185e-07
1.959334064188516e-07
1.203127096964691e-07
-3.958556960675878e-07
-1.540512687792054e-07
-1.012434271395393e-07
3.840209653094942e-09
-1.639576674521871e-07
-3.015016243766036e-07
-1.728464807431818e-07
3.381251809081517e-07
-1.937161681137623e-07
-3.94966248787203e-07
3.273335681939125e-07
-7.576090568914766e-08
-2.151145729204715e-07
-2.484317533716359e-07
-1.534314807144281e-07
9.642722855980869e-08
-2.39844710247772e-07
-3.8108657456208e-07
2.556288961006636e-08
3.513299984645519e-08
2.069980502105461e-07
-6.32923572924013e-08
-2.218412169195786e-08
-1.415769642598695e-07
1.911972815491533e-08
2.440135825317909e-07
2.568759512173715e-07
-2.931455070170276e-07
-3.227242704164847e-07
2.559209207711443e-07
-4.925624026920625e-08
-3.067676109535437e-08
2.506008079042195e-07
1.584560913282741e-07
1.393128420092696e-07
1.98149490917542e-08
6.743196377397871e-08
-3.530708285076496e-07
-1.175852281163184e-07
-9.885128742172448e-08
9.908904369094682e-08
-1.968596953414087e-07
-3.505778263218059e-07
-1.531343070115862e-07
1.751928881253439e-08
3.531482729958878e-07
-2.030982919856244e-07
8.483723421767689e-08
-2.93488072390625e-07
1.324684621843993e-07
-5.543261501708091e-08
8.493003462333014e-08
3.896549926072749e-07
-4.305263501702602e-07
8.55971491752251e-08
-1.535554494066913e-07
-1.742776911348401e-07
-3.056786199204801e-07
2.262123237204267e-07
3.805709373900882e-07
3.447216716881918e-07
-3.787378586719009e-07
-2.74507466026262e-08
-1.341209363485868e-07
7.758540352594515e-08
-1.863336275359466e-07
-1.521240249046049e-07
8.407682069498551e-08
1.53222143055061e-07
2.607470257276762e-07
-1.754251802274971e-08
-1.38709794614765e-07
2.391679560874668e-07
-3.081965640672373e-07
-1.473208566512013e-07
-7.667833421947982e-08
-1.176277552165627e-07
-1.023858406111295e-07
-3.765320138800725e-07
-1.744841531048152e-07
-2.453138081878258e-07
1.349697828024453e-07
-2.96208621523717e-07
-6.667891297599987e-09
2.07138760329203e-07
1.117144583486734e-07
3.287030342035141e-07
2.512162004479881e-07
4.339954781297895e-07
-2.796717990396875e-07
-3.55047787149008e-08
-4.243138445344355e-07
-4.522319897221744e-08
1.143766010188045e-07
1.920058715474529e-07
9.596352853736808e-08
-1.576024644721094e-07
-3.396928422433261e-07
1.385887342447154e-07
2.268603715311965e-07
1.146116238350624e-07
-6.309731073695904e-08
2.542903553041177e-07
-2.734873789999657e-07
-1.008505910108433e-07
3.820590729947929e-07
-1.384030049214577e-07
-7.727307289075958e-07
2.734377621887001e-07
6.870827839908626e-07
-5.036766285488554e-07
-2.450966847435883e-07
2.499285500116602e-08
-1.344836275140695e-07
1.02543825489223e-06
-7.928699649711176e-07
-1.487575795673057e-07
5.546835314842974e-07
3.074441716144138e-07
-1.082852255489952e-06
1.398565948062812e-06
-1.022447361662418e-06
5.345040232029801e-07
-2.07741206825168e-07
-1.427544997983499e-07
1.807763377853569e-08
1.015503916481864e-07
9.181699942093706e-08
1.910684892841178e-07
2.975854137257095e-08
-2.324028625987272e-07
-2.036107335647892e-07
2.856906371229012e-07
3.202254132448413e-07
-3.147049288842194e-07
3.231661423714021e-08
1.414415840060139e-07
-1.565871880029489e-07
5.360400628078779e-08
1.170001051494076e-07
-6.178697858224626e-08
2.673588448871499e-07
-6.260558905771969e-08
-2.939070339212474e-08
1.237618983523607e-07
-1.701451329872273e-07
2.57690286053095e-07
9.918639820761721e-08
-1.033205870495837e-07
8.623394376983341e-08
1.782617957944804e-07
4.466858326429775e-08
1.229875097533675e-09
4.449322088478545e-08
1.366764387131383e-07
1.592621689989922e-07
-6.795849601678218e-08
2.142694736134953e-07
3.871017714002255e-08
2.6723430140694e-07
3.812053815954226e-08
6.316757166755676e-08
1.23690554066222e-07
2.084143427983261e-07
2.021287084529424e-07
1.547099427234624e-07
2.804936803068898e-07
2.487764575913332e-07
3.736013576870287e-07
4.676359999010679e-07
4.866539941556006e-07
7.087268774908871e-07
7.244385116485973e-07
9.468956552857466e-07
1.160124074872847e-06
1.372147686013685e-06
1.465480118357545e-06
1.791456171170674e-06
1.873239388883235e-06
2.095888690157306e-06
2.004616077888131e-06
2.208464766852178e-06
2.03496318442589e-06
1.944556516462687e-06
1.834107437481705e-06
1.540860892614087e-06
1.308188376365272e-06
9.911414742675578e-07
7.127905585539036e-07
4.351836307294085e-07
1.526897813367201e-07
-8.539297062465006e-08
-2.498238442964239e-07
-6.31805848419185e-10
1.084322491986639e-07
1.304216875676192e-06
4.527972926283693e-06
8.157131012313894e-06
2.331784489025462e-06
-5.532287898514846e-06
6.265810873012895e-06
-1.006131185405149e-05
3.118988594339987e-06
-1.388578892630122e-05
4.297645615361162e-06
-1.296058882443167e-06
-1.002711375699176e-05
-2.405881318963048e-06
-1.948081734653151e-06
7.424286482311784e-07
7.049097144681157e-06
5.304530501651833e-06
2.190422744716751e-06
1.426165395864898e-06
3.298701320831102e-06
-3.342035554555445e-06
-1.248471677460184e-06
-7.946911262804504e-08
-7.796971820454013e-08
-7.334102720118418e-08
-7.618994419411496e-08
-1.41190817791641e-07
-1.298448386431482e-07
-1.441368757342168e-08
-1.594942791536706e-08
2.145608173322411e-07
1.557948663975472e-07
-1.851390882200971e-07
-3.465271697508024e-09
-6.225804906617471e-08
-1.239406003444595e-07
-1.810847097311242e-07
1.853781273998963e-09
-9.291898984110259e-08
2.920287030851749e-07
3.640177854229157e-07
3.614822102806977e-07
9.475684896040828e-09
-2.831005680082607e-07
-4.958160490193067e-07
-1.690951216615462e-07
6.7057607478387e-08
3.148168280011027e-07
7.473861586309112e-08
-3.621855885071294e-07
-3.764408427282751e-07
2.548209949992599e-07
2.606495559597736e-07
-7.198471373668455e-08
-2.749941744364658e-07
-1.736806872477268e-08
2.502877876151282e-07
-1.567893240475348e-07
-9.222733838458154e-08
4.248799566905157e-07
-1.507658157602537e-07
-1.950831577220283e-07
3.645780587225998e-07
3.758858710720741e-07
-3.472682533055434e-07
3.649697891262312e-07
-9.90938158336444e-08
1.792044047235144e-09
1.961164665259081e-07
2.56452223109439e-07
2.08748802826132e-07
3.73284960767061e-08
-1.07858777570697e-08
-6.615634115168143e-08
3.408556752295366e-08
5.615404905189445e-08
1.696693963448485e-07
-3.654182794354498e-07
-2.701834532334336e-07
1.958515419777928e-07
-2.004904763641177e-08
2.802121805177347e-07
3.480236421153923e-08
1.115935454313377e-07
1.808915991726473e-07
-9.285335163451387e-08
-1.164913624808911e-07
-8.710976626746999e-08
-6.267212280120637e-08
-2.482670442586411e-07
-2.41710847298541e-07
-7.954941092900496e-09
2.892718510122543e-07
1.823439983766186e-07
-6.199497565461043e-08
2.01731784216975e-07
-1.646136042813166e-07
2.467180552967185e-07
-5.935316253519652e-09
-8.608725607461111e-07
6.078249299339378e-07
-3.594592179848827e-10
2.623768355260255e-07
-6.065316484190743e-07
-3.274182107326313e-07
3.735932752187155e-07
1.093268537927646e-07
-1.606063864615195e-07
-5.531416725881115e-07
-1.610059285245818e-07
-2.288146263252131e-07
-9.730228722789955e-08
-1.88471412977261e-07
1.53023812831301e-07
-3.602236141616077e-07
-2.782242934602954e-08
-1.199494138276836e-07
-2.722792708697791e-07
-2.616190093075989e-07
1.619727564662262e-07
-3.74946328043516e-07
1.520984831963859e-07
-3.192865448022203e-07
2.88885822363528e-07
1.958440567506416e-07
-2.05979781869034e-08
2.346802178066907e-07
4.646254490622796e-07
4.480581206599288e-08
6.477119036067213e-08
4.295570732028668e-07
2.897306606266332e-07
-2.471850554554947e-07
1.586405515915784e-07
2.895931011230376e-08
5.418095043049463e-08
1.637352548169247e-07
1.800237655341467e-07
2.474973989372409e-07
1.362134256528482e-07
-1.690087686086494e-07
-3.587155246179409e-07
-6.69381624011505e-07
-4.599032356447141e-07
-1.69817838324512e-07
1.125549535803919e-07
2.390179453123635e-07
3.184958289958944e-07
9.010505858420033e-08
5.717822215801344e-08
1.068454871774094e-07
-3.373945636487266e-07
-1.136096187055572e-07
-5.448326242724295e-08
2.247355391753405e-07
-1.368305898583539e-08
6.140958004127052e-08
3.655348720914298e-07
-6.798609281600042e-07
-5.491168884495448e-07
1.808485498714002e-07
5.823143346349054e-07
2.312198168296658e-07
-2.493873931440512e-08
-1.124600797181371e-06
8.164495567664592e-07
4.169471169751519e-07
-8.956626014697326e-07
1.057922223735697e-06
-9.290376041800995e-07
4.438103820685423e-07
-1.17812502957985e-07
1.525996737623463e-08
5.631731056905287e-08
-2.474350689016519e-07
4.113816972174152e-07
-1.767128286215685e-07
5.028307690460212e-09
2.257723591428147e-07
-2.214455684776444e-08
1.127767160636408e-07
8.774902250171956e-08
-4.067474588405959e-07
4.833128250088723e-08
3.792085827247042e-07
-2.06447609973191e-07
2.208703698423629e-07
-9.966115992102835e-10
-1.78653676920736e-07
1.549121368172312e-07
1.22354035126278e-07
-1.20750604667124e-07
4.907130252091746e-07
-3.417428440299047e-07
6.480025210742289e-08
3.338256961930509e-07
-3.638055257562118e-07
4.452933924312494e-07
-5.48677155072448e-08
-4.857216699617231e-08
2.806266299361607e-07
7.702977903228337e-08
1.130092956636266e-07
-1.205624199812413e-07
2.501765543548497e-07
1.493330310884353e-07
5.276512189010853e-09
1.633060258103369e-07
6.995774079221207e-08
2.972233075047815e-07
9.391192871142063e-08
3.545075192485504e-07
-1.86156129644556e-08
1.551534782874064e-07
3.538984696035071e-07
3.014774243732507e-07
2.949933112707603e-07
3.662384107325134e-07
4.653075968488996e-07
5.73701195798326e-07
7.605592591762531e-07
8.337499957484069e-07
9.664119869721491e-07
1.329730823525811e-06
1.402249780846871e-06
1.651734681114706e-06
1.967072895679791e-06
2.166110552190147e-06
2.355705478868804e-06
2.453391202676685e-06
2.640498449176066e-06
2.64503415843226e-06
2.578096485922279e-06
2.495813000192883e-06
2.364957729339932e-06
2.178868381509605e-06
1.851755271177073e-06
1.620540950658227e-06
1.396030838531875e-06
1.024303066326401e-06
8.098237644424149e-07
5.026796369007271e-07
2.891653245754189e-07
5.915961294909906e-08
-1.276339979912558e-07
1.754796245233641e-10
2.909922440226735e-06
1.310626062650452e-06
-4.759992457083508e-07
-1.813092149031621e-06
-1.003812659120413e-06
-6.533482664048939e-07
-3.088772948576856e-07
-9.462263644245753e-07
-1.307117270862794e-06
-2.288200158195888e-06
-5.297393947129722e-06
-6.693317313722405e-06
-2.740472658171414e-07
1.90078923665211e-06
-3.669310500327504e-07
-3.405068028914255e-06
-1.169218267685552e-05
1.354999174596519e-06
8.21219493577196e-06
1.535534588069032e-05
-2.357752658482989e-05
1.411341934878107e-05
2.466433126582823e-06
-3.020059580621299e-07
-2.952941979413767e-07
-2.778194551007675e-07
-2.871923709110625e-07
-2.196527390642822e-07
-7.685491647690617e-08
9.070787028832733e-08
8.665270782700075e-08
4.214981114458497e-07
5.246393431870587e-08
8.572331602612698e-08
-7.138872820410666e-09
-1.848455919407125e-07
-4.288211539482722e-07
-3.431784715242437e-07
-5.078788437045371e-07
-1.907018285496535e-07
-3.621711183190942e-08
9.443148726727922e-08
3.918673524859681e-07
8.258408391517183e-08
-2.521688624842173e-07
-1.073371464003232e-07
-6.510168524427218e-09
7.169384259676883e-08
1.084287233662214e-07
2.175282396502517e-07
-4.560243644782209e-08
-1.657937075067832e-07
5.282438698434398e-07
4.016961357949839e-07
-2.91714192726477e-07
-8.130558067492182e-08
3.115873693799429e-07
3.487642987126842e-07
-3.825091369631055e-08
-3.302372017885736e-07
-1.724397430371107e-07
-1.642811135910707e-07
3.954600911283092e-07
3.646138255197564e-07
-1.650848792835926e-08
-2.957703154470484e-07
-1.720887780509885e-07
-1.432385922190781e-08
-2.014574729374005e-07
-1.888478827224699e-07
2.647625023315502e-08
-9.021550232531011e-08
-2.442646107048058e-07
1.204069571028871e-07
7.582663890590432e-08
8.230190746127916e-08
-1.368789292561804e-07
2.571994963823373e-09
3.770040675959716e-08
-2.113719284147759e-08
-3.143904899559573e-07
2.403923085415066e-07
-3.695140654831516e-07
1.542548618387985e-07
1.070142636201923e-07
8.973351030936237e-08
1.173387546490199e-07
1.356137917623542e-07
7.64489333647274e-08
8.398336265959637e-08
-4.145594850270118e-08
1.47346082636295e-07
1.190932497906317e-07
1.912452142415971e-07
1.8152570743286e-07
3.629843326804134e-07
-1.366894794298249e-07
-1.620930475263817e-07
-3.386128585731614e-07
1.459361317470001e-07
-1.419961411707362e-07
5.934102186775703e-08
3.144989945208942e-09
-3.085474593204688e-07
-4.107449561701285e-07
-1.255878091691004e-07
-7.287020146329582e-08
2.804339639226754e-09
3.720973702324588e-07
-2.82390028650778e-07
4.334802318249705e-07
-2.396838038408278e-07
-5.582153407036157e-07
2.285423730791433e-07
-9.759706298566789e-08
1.310713817292555e-07
-2.805224689992919e-07
2.284276722419037e-07
1.963488094369138e-07
-8.75160228857112e-08
2.396804534076614e-07
3.13310517578278e-09
-1.528822921878226e-08
-1.451221962350064e-07
-1.535869911309783e-08
2.469930902081096e-07
6.342917900980928e-08
-1.295479398450131e-07
-3.795404347867284e-08
-2.801012363808847e-08
-1.029574285472084e-08
-1.243866989792292e-07
-4.681248620271607e-08
-1.885571773200313e-07
-2.861430681418823e-07
7.480655177627638e-08
-1.301504429542477e-07
2.99842628013998e-07
1.695298807515837e-07
5.904072179053676e-07
4.988393345998216e-07
1.117967890267352e-07
2.782804110747191e-07
-1.199349424743834e-07
8.82077729973296e-09
-2.094749386689684e-07
-1.987587114226531e-07
-2.466555611009065e-07
-2.922033574606815e-07
-1.5076454646959e-07
1.337626967884125e-07
3.052522306885056e-07
3.118349695248007e-07
3.088663876826246e-07
-3.06407212743461e-07
1.567508295416427e-08
-2.367729773072404e-07
-2.61580930270526e-07
7.504621939498461e-08
-6.102836121528294e-07
7.225453459638574e-07
9.651960351599291e-07
7.150814730170169e-08
-1.049654152884007e-06
-2.854446889041194e-07
1.337951628984078e-06
-9.047479198650757e-07
8.181151640595365e-07
-1.343542837476286e-07
-1.178608051766804e-06
6.680590754405342e-07
5.981640314157009e-07
-9.589550617387292e-07
7.663290410393387e-07
-3.546005973187198e-07
1.996386854796788e-07
6.103861000762583e-08
-2.170671601109305e-08
-9.200864416195412e-08
2.581470450677218e-07
-6.307200481650458e-08
-3.3843340128927e-07
3.176887143456985e-07
6.51378670900973e-08
2.751895378933931e-07
-1.06235327334629e-08
-2.314108095061342e-07
2.966706324711687e-07
-1.527456012530644e-07
1.574007401921632e-07
4.12647976191002e-07
-4.468760469279919e-07
1.680113522267461e-07
3.83190008935558e-07
-4.050544476969966e-07
3.814888015449858e-07
1.714518030041048e-07
1.220215232911883e-07
4.527047783516652e-08
7.179325764104946e-08
-1.059613497593715e-07
2.707765937779402e-07
1.98005995670109e-07
2.300511677154594e-07
6.312912647917843e-08
3.440419951305385e-07
8.08379978543213e-08
1.691938995031147e-07
2.421448946650597e-08
5.763811381245267e-07
-5.55929069595604e-08
3.637643696924603e-07
2.757777004303356e-07
4.597799358138527e-07
3.749337840282249e-07
4.759333000292214e-07
6.410232294148953e-07
5.949441085140832e-07
8.496419927466588e-07
9.839033126290445e-07
1.175956868175477e-06
1.406097166149579e-06
1.650242826408413e-06
1.898789566981933e-06
2.291537921022411e-06
2.446409161325427e-06
2.824459659501937e-06
2.908178115588988e-06
3.139240808031339e-06
3.250086509875817e-06
3.173662545367518e-06
3.146604057775586e-06
2.968762961754368e-06
2.850507850439886e-06
2.471384406402209e-06
2.216786791673204e-06
1.859672001684327e-06
1.480176633718339e-06
1.199292366948651e-06
8.052280884186939e-07
5.244652569156797e-07
2.375285028570472e-07
-4.501681210189451e-08
-2.446287662715008e-07
-4.053246915853256e-07
-5.910370696959049e-07
-5.178052350850356e-11
-4.576029452039681e-07
-3.57049727842346e-06
-8.042438102799208e-06
-5.851286089096008e-06
6.488871614872233e-06
-7.926160546179246e-06
1.066698712442383e-05
1.086474707705515e-05
1.453216774157472e-05
-7.394309932642494e-06
-8.003682300782143e-06
4.9280249542316e-06
