2.52032
7.41344
11.4531
21.393
14.4699
15.7011
19.5317
17.1573
26.3589
19.5179
29.7873
29.1383
15.8183
26.1101
28.1221
34.1415
21.0852
22.0117
28.1906
34.1368
36.5482
19.4057
42.8019
28.7437
26.8981
30.1527
26.9021
32.8531
25.4837
25.8134
27.9359
48.2097
26.7838
20.9167
44.6475
28.1236
36.2339
25.2992
23.0697
44.6468
24.3149
27.8809
28.7595
29.5836
27.8896
22.0291
29.7355
30.3087
36.0769
18.6554
26.8769
41.2064
24.4927
34.3291
19.4179
26.7585
33.7851
22.5462
23.7676
23.8554
45.0959
21.4985
22.9726
31.2549
24.8419
27.7493
21.5344
22.8282
27.8347
30.0485
23.948
20.4578
43.8303
26.7747
31.1643
25.2556
18.9188
38.9403
18.0503
28.3197
39.1975
42.58
27.4876
19.3945
19.6886
30.7716
45.9471
29.1197
43.2817
39.9603
28.7169
34.5961
16.4633
46.4051
43.2154
45.4646
24.8906
19.8594
48.7794
57.4702
41.1072
19.9975
28.42
48.3507
45.6773
52.2473
36.3708
49.4657
57.8802
27.1187
57.389
42.7129
36.3049
45.978
36.2871
73.5698
54.9005
41.3338
32.6117
58.6011
51.6348
32.3594
76.8152
61.4746
71.4549
65.7517
26.5627
75.9007
93.0983
51.5111
54.6964
51.0449
67.2456
48.8222
85.9053
57.1665
84.7408
70.0493
44.6736
59.1467
76.0432
69.6045
47.7836
133.728
75.5774
80.6927
66.607
49.316
74.9594
70.0102
70.7633
72.7744
128.639
70.3946
65.0861
96.9095
71.8297
100.886
65.0386
57.8294
101.786
100.528
83.336
61.9568
137.958
73.3009
84.8582
83.9466
61.2044
115.215
80.2626
78.0469
94.222
111.308
67.4915
70.2158
114.876
68.2131
109.158
77.8501
90.0575
136.15
67.2402
85.7933
86.9588
87.1371
70.7352
82.9258
109.628
92.2289
120.247
53.9554
114.796
98.5184
73.0392
75.8792
90.3442
105.337
78.115
86.706
71.0107
110.201
96.71
49.0141
120.375
79.235
110.586
83.6237
64.9711
94.0923
51.5077
77.4219
94.1625
116.995
54.3503
72.8422
64.4642
71.3926
88.58
63.4588
88.9808
70.8794
58.6767
49.3093
130.798
89.561
64.7196
90.3406
58.4675
78.8855
55.8589
45.189
69.4891
94.2295
69.3962
58.5911
99.1365
73.6077
86.403
40.4421
35.2673
95.8949
68.3101
108.559
42.3251
59.2315
119.784
66.8434
67.5313
43.4116
38.201
47.7177
52.2838
80.1195
83.3426
91.5494
43.9933
37.4595
58.4611
48.9163
75.1303
39.8512
49.1722
93.3379
49.872
104.282
71.8387
34.4625
31.1761
50.8592
75.7463
66.0456
83.6035
46.2308
67.9626
64.0242
30.7011
50.1141
54.7502
63.0041
44.0553
80.2414
78.0316
46.245
68.5479
37.397
81.832
59.0078
34.8969
71.1159
60.4914
67.4538
57.9704
31.6519
78.5812
58.4403
42.2683
45.9896
59.9786
74.0907
29.2386
43.1774
68.4612
62.5507
85.8157
38.176
56.189
75.1166
37.5813
37.1688
39.0366
76.5518
84.4639
70.8071
29.9294
44.8382
54.1184
38.9447
76.5413
48.8951
71.0682
82.8239
30.2316
66.8263
50.6771
51.4616
36.991
39.9313
56.7889
82.62
60.4473
25.6595
56.333
59.2457
74.5891
35.1755
32.2444
36.4617
64.6775
94.0993
33.1193
41.8394
36.3048
42.8234
80.2114
34.9104
61.8332
74.3653
33.0627
35.9976
28.975
67.7559
55.8479
48.3874
29.1518
43.75
88.0861
29.5095
40.4758
33.9531
42.8224
57.6479
41.0009
38.6277
42.6297
61.6854
29.7023
35.2255
44.9712
35.5599
51.7202
34.3818
50.9096
58.6304
32.8664
30.5442
38.9228
48.8064
24.7206
49.8417
37.6676
53.0406
63.1054
24.0585
42.4516
60.5746
57.5736
24.8162
29.9628
21.793
43.0242
45.5956
20.4553
55.9356
50.164
44.079
49.3444
25.6017
51.2919
57.5216
50.2528
28.4808
34.712
19.384
19.8641
25.1255
24.5234
57.3287
32.9209
26.7593
76.2924
50.4561
54.8966
43.4145
34.7931
36.0389
38.0849
39.4462
25.7351
44.7743
16.8293
14.2819
23.2252
20.761
76.9691
58.3736
37.4436
67.7088
40.8254
34.9887
37.8606
52.6822
31.0215
34.6851
20.2505
13.9855
41.9602
26.2735
26.0919
51.2133
21.9775
28.9696
27.667
31.3691
90.5645
53.7951
37.799
20.6827
24.9246
39.4095
57.9303
42.2012
28.526
43.5662
17.612
18.271
24.6754
29.435
37.5062
43.6745
33.0365
23.5359
39.9466
18.9398
50.4376
74.2166
32.1806
42.0538
24.1978
29.4027
38.3418
24.0441
41.1284
43.4629
44.5841
19.16
20.861
25.258
31.7308
40.2128
23.481
43.4421
44.6617
31.823
29.4287
20.3374
39.0466
30.8769
30.9991
29.6462
47.4572
45.253
27.1162
44.4639
23.439
24.6498
22.9833
25.9086
30.4948
31.1923
33.449
25.2353
49.2101
23.0277
15.5882
35.8004
26.4818
36.4278
36.9717
36.7571
21.9072
32.5786
19.2395
31.361
58.1506
22.593
42.5599
29.9594
24.3633
19.151
20.1751
38.5852
37.3037
27.5598
16.0229
25.6917
37.2416
21.6292
33.8878
21.4407
39.1716
34.662
16.0618
39.7786
32.1895
35.1065
21.317
20.8286
24.7872
28.8195
31.5777
19.7907
42.7149
30.89
17.1471
34.8235
22.5833
28.2808
23.1684
22.0424
25.3358
28.7426
24.1742
19.2794
48.462
20.2402
22.6115
25.5295
25.9928
26.9314
23.8709
24.7793
25.3742
28.3441
17.1265
25.5418
32.9204
19.6864
29.6166
18.8048
36.7631
28.1804
19.1147
26.5265
24.1236
27.9363
16.4762
27.8624
28.6296
33.0462
27.9731
18.1784
29.528
21.5047
20.2584
21.8065
29.9956
41.3166
20.3493
31.1826
16.5535
22.2315
19.2866
20.7839
55.7081
26.0275
29.7526
29.2169
22.7291
19.1752
17.7135
19.8501
29.5656
55.7584
20.6847
22.7414
29.8376
24.1953
43.2999
21.1627
18.9975
27.694
34.8441
30.754
19.0893
45.3143
38.5563
31.6286
24.9632
13.7024
38.5049
25.8855
39.7946
28.3978
24.9708
31.6512
28.7371
25.8575
24.5836
39.4104
16.4683
24.4762
25.7641
30.2795
46.3233
24.684
32.7814
41.2875
38.3706
22.2697
16.9453
28.3347
33.0802
27.3534
38.0338
48.416
41.8133
20.2055
24.4214
22.3455
40.9759
43.3761
17.7969
37.2429
33.3279
37.544
23.1106
21.9561
29.8786
38.3281
40.2306
17.8227
41.6305
39.38
24.0428
40.4391
31.1546
48.5812
49.3735
18.1878
28.7048
36.941
46.2786
37.7676
19.3041
33.138
37.8472
30.9043
26.1602
29.9086
36.9954
22.279
40.0348
33.6942
38.5502
27.1386
17.3211
38.3619
43.184
40.1618
22.8394
36.6536
49.0575
24.1358
31.5739
23.9052
44.3674
49.5158
32.4901
25.0723
37.2203
49.0845
24.6328
30.6151
21.141
29.3585
71.7354
23.4555
22.6918
23.8369
26.1066
57.0669
34.8265
38.176
24.1462
38.4799
19.7986
45.3048
66.2907
32.8526
34.1747
21.6496
32.8269
71.355
25.4975
33.2224
36.7596
31.966
29.6854
30.2717
35.7099
26.6245
43.3032
18.6264
35.146
75.3392
25.0229
29.7765
27.256
33.9313
37.1534
38.2158
37.0963
34.4378
52.0591
29.3989
43.532
46.3102
29.5724
30.1163
29.3432
55.2375
58.4181
24.7598
20.4586
31.9168
42.0659
38.477
44.521
32.0041
60.9594
23.7277
31.5691
59.0374
38.7659
29.388
32.4711
38.0586
34.4205
58.1522
31.0245
45.0147
80.3976
29.4457
40.1685
37.9118
28.3309
37.1298
35.1702
52.6268
47.3074
63.532
16.8648
27.4974
55.9502
40.9964
69.58
42.8398
53.0357
39.3365
27.8593
44.3927
50.962
55.5479
23.5605
40.8712
32.3362
31.9624
53.0323
32.8585
70.4212
89.5371
36.347
64.6163
49.4189
45.6205
36.3449
18.4002
28.2082
35.0025
45.2506
32.6506
75.7598
51.6196
44.6791
60.7456
51.0011
98.0312
70.2615
18.9906
17.0527
26.6688
50.5912
59.9313
88.138
54.1418
98.8241
47.2504
28.2892
44.9803
35.4915
44.3738
29.1746
21.4158
29.1634
56.7755
70.3478
37.4862
111.018
101.115
55.768
35.0628
24.1716
29.9588
30.967
39.2398
21.4791
47.2265
67.7056
58.8295
89.3623
48.0965
79.1516
63.9846
36.7817
53.7957
53.1379
29.9939
26.568
27.3777
27.5089
56.9766
38.3022
46.456
92.1321
45.6832
66.0107
37.7534
64.1108
112.061
38.9406
38.3628
36.3389
27.1445
27.5102
25.0607
48.5674
66.7734
106.687
56.4552
46.3159
49.9733
27.3693
43.6974
24.154
41.6854
79.1072
32.8407
35.6086
43.6818
61.8825
65.3714
76.192
64.5908
43.2789
55.0079
26.7246
39.1662
46.089
43.4076
36.6284
42.9172
53.2806
30.5681
72.8918
62.5164
75.1277
92.5767
35.3742
57.9307
62.4977
54.1324
33.7449
27.8714
47.4781
54.3966
60.9989
38.3679
84.7625
63.2546
42.8256
60.1871
48.454
76.3195
59.0525
43.8223
39.5773
47.0887
32.1688
31.608
52.7353
60.7274
57.4042
60.9672
62.2403
150.452
40.9785
36.6833
35.8607
28.9188
108.245
69.7318
46.028
38.0554
47.5895
56.5688
60.8444
75.0506
55.9175
71.2937
43.7299
37.5039
45.2956
63.5463
43.2142
57.6632
123.357
67.7661
65.9129
45.417
31.3914
86.7675
77.0586
68.3621
43.0061
42.9847
50.7633
54.1101
57.2033
39.9801
112.597
70.0387
53.8987
123.865
60.275
60.7525
66.8341
48.4812
88.6333
58.0806
42.4456
34.9386
48.3773
57.8676
49.0324
60.2601
59.966
91.1987
65.7956
41.8602
89.3188
44.2418
55.142
97.2589
102.43
103.773
60.8989
33.8877
45.8531
63.3144
51.7617
37.6672
44.4651
52.3301
84.6628
60.6824
48.7303
118.795
72.1381
78.2869
55.449
63.6625
86.7101
77.5731
97.9834
50.5484
80.4528
51.6539
40.9104
77.8977
65.6346
71.3287
61.6418
64.4683
41.5777
41.6756
47.0757
58.5141
121.702
63.1958
79.4869
89.9131
83.7048
125.423
79.8336
74.8408
67.1869
87.2414
48.7339
59.4518
90.696
34.7831
79.8156
88.2837
66.0669
81.1961
38.877
81.6327
84.3871
97.684
86.9971
51.6009
118.236
76.2119
58.6916
63.931
76.0581
91.6816
58.5632
145.084
68.0626
57.4426
58.0536
49.7521
79.1025
76.7507
63.9861
46.3147
79.4579
42.0632
59.3996
71.553
64.657
118.685
75.1493
117.588
131.847
117.312
32.2547
54.3908
54.5853
83.269
146.68
48.089
75.0833
59.5902
44.5919
57.515
93.0589
92.5614
55.1269
81.4356
59.5042
147.197
121.766
60.4258
125.255
69.6445
64.5828
53.8038
39.1332
74.0933
80.4389
68.7132
47.0741
123.836
84.3527
86.8418
69.7647
38.8103
68.7436
48.4351
79.1213
135.257
109.737
66.9139
60.6489
73.6797
67.4808
93.9491
54.5318
67.2959
99.7832
52.4919
119.861
101.37
88.1458
75.8886
57.3542
95.6846
95.1161
82.1988
48.1048
110.129
121.88
55.1296
69.1598
44.281
68.359
155.584
91.3773
84.163
77.5133
87.8795
84.1544
51.1095
55.134
65.8972
68.0793
93.2102
98.8422
119.539
65.796
72.9354
60.7721
53.5317
123.6
55.324
68.6708
101.74
75.1581
93.3653
85.5652
101.135
82.7903
81.0507
49.4561
65.3932
128.313
55.5964
71.4093
65.7158
83.7861
102.974
71.16
83.4182
98.5332
93.8517
44.3002
105.103
88.0756
123.523
125.291
42.7996
81.5891
84.0647
73.8979
73.4169
108.958
110.996
73.0161
75.4688
57.6206
117.27
126.492
50.3758
134.041
113.567
91.9646
62.6165
37.8469
60.2569
90.4134
112.117
74.0523
153.215
106.906
88.2224
83.4982
48.814
144.332
128.904
90.827
60.5156
53.9142
85.6376
82.0778
93.8037
64.0194
140.913
81.6378
61.6155
103.992
84.4696
117.862
75.3295
61.4662
77.5484
107.371
74.2662
47.1857
105.39
89.0915
131.244
96.1669
76.8808
98.8348
81.9315
53.3428
63.9498
138.786
101.607
127.503
79.7961
55.5202
103.716
81.2486
83.9616
104.548
114.195
117.234
86.1721
64.9755
47.4249
103.021
127.426
89.7533
144.28
83.087
173.207
79.3621
53.8868
119.075
92.0697
84.2788
54.6046
62.416
186.278
168.157
143.518
85.3002
141.724
111.552
55.9358
81.0387
59.1481
127.309
147.313
96.7463
107.786
107.598
112.721
59.2545
128.153
113.743
136.895
132.904
72.8569
120.384
99.0158
84.0436
84.3736
83.7099
132.073
111.177
110.631
85.8798
117.306
95.5861
129.097
201.763
88.7793
68.5088
62.124
90.6694
139.514
91.3833
97.4177
107.101
147.084
112.778
152.251
148.91
109.263
120.25
68.676
126.754
103.935
79.3816
86.097
110.556
153.697
81.6853
147.592
141.161
105.685
111.148
57.6188
156.288
188.799
142.622
179.313
109.068
120.955
80.037
66.3897
76.0542
119.077
77.4946
79.5548
250.406
135.206
139.719
162.029
105.039
150.011
93.0946
72.4588
98.4223
143.745
113.963
123.654
180.912
105.179
171.381
108.827
134.482
170.118
89.9493
76.3672
93.4638
146.45
115.876
135.565
110.261
98.8982
171.56
82.0113
194.862
194.365
162.451
248.741
99.4394
184.87
115.812
85.2766
121.871
129.632
139.13
76.4786
168.873
126.707
158.265
172.516
149.809
125.021
93.8843
91.9076
80.6668
172.015
181.069
132.354
257.178
130.645
156.599
148.435
127.648
187.895
153.629
130.324
101.469
226.663
129.13
121.014
147.583
115.864
216.892
96.5198
73.3564
164.563
166.433
220.696
138.286
127.399
156.086
264.642
190.884
112.67
304.556
150.549
105.117
202.257
106.387
127.907
132.933
149.259
225.949
171.95
141.163
206.123
196.446
82.9568
176.994
161.663
232.128
371.358
91.4411
136.946
193.518
219.625
314.013
137.937
141.13
195.49
138.246
117.754
164.14
207.15
162.338
227.12
157.407
271.668
275.796
112.76
147.87
116.385
225.788
265.907
161.546
160.651
209.057
250.565
127.124
230.137
136.821
236.052
185.082
177.88
288.854
168.783
128.377
144.035
259.161
162.91
191.587
141.91
151.735
284.768
156.647
212.743
258.167
199.524
256.203
133.955
230.327
229.593
216.385
177.996
233.299
337.269
96.2619
183.059
276.638
261.482
242.575
154.732
202.761
263.03
235.805
130.834
218.073
283.506
255.166
305.337
131.799
162.14
289.246
308.553
332.121
162.813
160.485
230.792
216.711
213.136
216.449
258.617
210.37
274.128
163.388
288.133
419.395
228.661
198.002
232.808
425.008
238.75
300.973
249.08
188.617
294.015
149.678
364.54
283.023
231.196
361.025
315.552
331.175
229.272
223.819
212.042
346.956
304.293
275.452
716.816
293.128
252.4
180.888
160.438
633.734
581.47
247.531
369.631
340.136
413.811
311.1
291.097
238.631
367.178
266.664
206.78
620.346
358.346
295.741
381.698
270.039
556.593
451.582
371.642
315.962
605.099
446.566
331.592
629.905
367.531
337.376
350.386
301.393
476.42
397.489
425.548
451.734
793.947
498.109
365.512
486.633
331.098
697.379
360.51
612.244
1034.77
444.861
379.607
282.145
374.68
1295.3
832.627
652.485
515.279
608.089
436.677
556.422
493.068
460.387
1749.42
562.868
515.162
776.9
588.988
1110.65
945.241
757.226
708.666
686.42
835.479
715.33
1268.39
640.297
1283.03
1469.29
1329.82
957.067
1060.16
1296.31
936.578
1398.82
713.124
2021.05
1955.75
870.525
2031.08
1238.54
1289.26
1543.62
1346.98
2375.83
2537.93
2001.83
1484.83
2898.1
3080.23
2972.76
3674.66
2614.62
4691.43
2487.59
3046.09
6310.96
7080.74
13012.7
13451.6
14216.7
16650.8
65282.9
30633.8
24734.9
19427.4
9608.61
10699.1
5531.43
7642.61
8571.91
4109.32
3722.51
3348.43
3240.11
1597.27
1724.6
2646.26
2218.86
1822.22
988.627
1830.72
2241.72
2149.72
2324.69
711.902
1482.14
1950.41
1443.12
1840.9
1533.41
1306.82
724.338
890.911
816.642
1289.84
2444.73
798.866
1194.08
1280.6
652.844
533.176
564.115
735.515
545.971
646.768
641.618
1217.2
1296.52
508.981
666.055
688.523
1018.37
683.602
550.776
861.919
798.794
644.265
264.617
487.195
554.669
758.027
952.496
261.58
529.191
588.835
554.652
434.294
652.272
704.911
374.483
653.271
348.948
502.864
412.633
256.6
678.536
795.971
470.412
354.733
358.941
468.385
501.163
531.133
219.685
498.605
364.25
266.338
459.256
294.179
654.069
402.691
307.723
496.844
314.701
247.195
232.646
380.624
402.737
382.775
485.215
343.01
510.436
293.727
249.016
381.802
206.903
226.613
232.269
285.991
326.84
326.963
281.324
260.837
359.931
216.441
242.241
386.689
272.314
208.088
222.346
234.563
181.65
316.574
273.141
406.225
507.924
157.264
374.5
254.025
298.74
171.918
316.946
175.885
140.293
178.845
159.377
435.502
351.753
232.213
238.963
255.171
195.25
151.65
252.859
287.19
404.872
294.868
111.894
236.126
249.699
169.022
195.802
100.284
320.065
257.022
285.349
167.103
129.872
302.201
279.677
182.051
122.029
168.812
242.606
229.565
257.875
131.082
300.888
277.519
175.072
187.442
99.8372
263.939
254.714
114.899
180.767
182.254
237.232
124.244
128.636
157.515
205.139
266.886
115.366
312.386
188.667
176.43
208.68
124.72
341.412
135.933
121.39
154.686
130.159
143.612
96.3993
261.181
187.805
157.784
163.402
108.648
203.48
153.516
137.03
278.747
196.636
178.772
111.39
138.529
135.89
161.168
160.086
128.55
326.227
151.034
81.001
144.188
96.715
243.418
191.181
149.784
180.214
185.796
99.1738
94.844
135.116
194.066
239.047
142.106
83.0054
157.695
161.079
227.936
230.061
87.4821
103.653
102.448
107.026
107.608
186.478
172.252
191.281
146.371
118.797
190.084
83.543
120.08
192.202
147.869
127.356
119.141
150.944
114.35
137.086
87.6498
185.758
208.323
77.193
148.296
103.023
149.36
94.3249
175.713
129.975
144.26
140.448
100.635
229
128.76
102.308
74.6014
116.716
124.052
121.628
124.945
83.6518
196.604
99.1036
117.302
189.2
101.655
106.415
85.4937
116.035
177.866
133.665
78.7527
72.4502
146.96
101.973
175.903
108.693
141.179
107.975
95.0775
125.298
130.389
149.104
57.3363
57.1952
101.778
123.65
142.669
103.495
131.139
188.187
88.6966
130.069
95.7777
131.974
96.6803
98.0866
118.342
94.5785
109.67
47.3509
152.609
130.262
95.3583
124.076
112.473
114.556
97.5903
87.5302
72.5624
130.215
122.902
67.7013
126.141
78.1567
82.9392
87.3483
108.38
137.249
143.163
97.0563
52.3443
139.157
108.392
110.323
138.646
71.8839
89.36
62.3583
72.3541
83.2655
94.7893
80.643
92.3583
137.132
64.2309
120.119
85.8853
131.93
118.517
64.9728
97.8163
92.5881
140.883
67.6301
66.5442
76.553
65.5058
67.4254
73.7239
199.442
114.255
87.782
91.6479
51.1627
124.201
89.9219
69.645
145.526
67.3845
75.3415
72.2061
81.1286
111.514
74.9533
62.0258
53.6915
130.42
97.1794
88.971
144.394
76.753
93.6186
75.5749
51.1445
73.3278
55.5141
66.8833
81.6639
156.432
69.7444
83.8887
87.4656
68.5622
117.887
72.6039
109.395
156.431
60.3318
74.0076
67.065
94.488
80.8121
53.2351
73.1238
92.509
107.858
47.9315
66.9408
100.461
89.2867
72.6345
68.3047
80.2505
49.7563
70.8791
43.5144
108.96
128.714
77.7432
96.5894
65.6117
78.5377
73.2391
90.8729
84.3015
121.052
65.1109
31.0272
71.8689
86.7072
99.54
114.85
46.322
109.34
85.2305
59.5704
64.3165
30.6033
125.51
151.124
66.4809
76.1022
45.9304
74.0161
62.2683
70.4942
56.0846
75.7885
122.714
42.0516
75.1499
72.1321
68.3604
66.7232
47.2092
73.2264
80.4389
90.9869
37.3787
70.7433
70.3433
45.7519
84.0642
58.0528
95.6792
80.4142
50.0799
51.8301
61.6351
80.87
46.1386
74.2753
57.1114
83.6216
78.7145
33.62
69.9031
102.303
73.3575
37.3018
37.4758
40.6848
88.1556
136.058
42.7683
48.6952
39.0897
52.4864
53.9336
55.7968
75.4932
84.389
103.287
43.7075
58.0041
75.5695
39.2494
47.1209
35.9583
81.7012
74.2495
38.1262
66.5194
68.2248
82.6091
53.2972
27.5911
61.0703
68.5597
56.6493
48.9298
82.3761
52.2145
41.4251
60.9419
44.7824
104.536
81.663
39.9368
61.6763
54.7474
68.8114
37.9366
33.0482
48.8249
67.8666
69.8005
47.5234
114.319
58.1314
41.8442
39.0989
26.7564
56.3779
70.255
72.7011
60.9943
104.638
54.5353
49.5088
77.3591
45.0504
58.6422
31.627
35.2932
107.816
57.2643
58.5856
60.6909
51.4641
49.0996
45.7529
51.0961
41.1652
63.6059
31.3313
56.5695
104.86
57.1052
61.3671
50.2522
56.3336
40.0064
49.721
59.9383
74.4464
78.2967
32.251
66.2692
72.9357
57.4219
43.0764
31.1277
52.0461
74.5922
71.6157
32.2488
70.8434
75.4257
53.5681
73.2373
41.5092
54.2404
52.0212
28.4289
68.2335
55.7197
79.7027
68.7468
54.9305
66.7793
44.1661
36.274
27.8775
68.2424
64.766
52.1896
52.6546
70.9115
68.2728
33.1543
38.3572
50.8788
51.2311
46.1223
34.4442
91.3666
58.8381
45.7687
51.0594
41.13
85.5026
55.7644
28.3143
50.4427
46.8776
67.0606
48.6918
86.3375
43.3015
41.037
46.8601
34.5961
46.1708
28.2155
49.2542
61.3582
54.6587
53.4824
70.206
79.1599
43.8454
48.1658
23.5432
42.4327
89.1165
40.3233
46.0433
45.4792
65.3762
37.7427
53.3762
54.6622
43.615
59.1218
31.3825
60.1127
62.3798
25.5929
40.6892
39.019
72.474
74.089
32.5916
57.2264
64.626
48.8303
34.7197
60.9888
41.598
44.2039
43.2371
24.6415
69.098
43.3136
42.8803
75.1087
48.5454
37.9232
27.958
33.754
50.0022
45.4592
65.6257
45.3079
96.4997
34.3733
22.8194
39.837
39.6162
51.3123
43.7189
69.2684
48.8646
49.0887
37.6352
26.6898
69.9618
45.9707
44.1879
32.0777
40.3967
60.0559
25.1728
33.1853
38.1194
43.5012
67.2882
49.8052
50.0636
31.9009
38.7325
31.1178
31.9468
50.0384
26.5095
51.76
39.1444
65.6382
58.3244
40.7995
70.0189
44.1958
28.0558
20.3791
33.2487
46.4837
46.7526
82.8143
56.8605
67.9334
45.2784
28.274
67.1251
49.5854
33.0711
24.2468
25.4312
35.6565
60.5069
55.1682
38.3405
82.0282
37.4215
44.8644
35.3391
36.9878
80.3924
41.0283
29.8205
27.64
36.6098
56.7674
50.2903
59.2838
55.2887
55.8101
28.8518
33.4848
39.5195
37.3841
60.884
27.7178
43.4037
65.8666
29.1857
36.5253
37.058
70.9905
60.2868
41.2618
27.0831
24.7238
43.5405
40.1644
44.8714
55.7663
46.3301
68.0793
42.2594
32.5499
25.5038
33.7395
28.4204
30.4121
44.1233
28.6058
54.3503
43.5264
58.4418
88.0273
47.0258
29.0899
17.4105
23.9367
59.7169
82.4094
64.6484
25.5901
37.6468
39.0238
45.1635
75.697
16.7784
29.2628
29.7917
40.1202
77.3894
35.7879
58.5935
56.9816
42.9545
20.3677
38.942
45.1976
36.2559
30.2357
19.0292
43.5284
72.4341
36.6735
36.5264
32.2199
34.6793
28.1338
33.4848
33.172
70.3498
61.9465
19.7912
40.8711
40.6155
28.8885
34.7659
26.9567
53.8611
40.0175
37.6207
25.6106
33.9122
42.8672
30.8096
52.3848
38.9069
34.0853
32.9667
19.6071
60.6953
48.6992
34.0124
25.1516
24.3813
52.1066
51.9058
55.7853
27.5305
45.503
36.7425
15.7415
43.3558
33.8661
54.0479
55.3956
21.1311
61.9992
38.0474
30.9605
32.374
34.8266
45.6527
29.7552
20.9979
28.8109
56.5451
42.4114
32.4148
60.395
35.2085
42.3435
23.6057
21.4384
44.5894
30.3458
36.4456
34.4676
38.7509
42.0744
43.9003
43.2072
37.3056
50.4915
21.1724
38.1702
51.2298
34.7502
24.8695
24.8301
38.8762
42.0558
52.823
35.3419
39.7082
42.4086
23.8056
44.8723
54.4301
53.4297
21.1222
22.8642
30.0995
29.1186
55.1955
32.3989
42.2106
53.1481
24.9559
31.9935
37.8353
43.1682
31.3382
29.1742
26.9538
44.8658
60.0707
21.748
38.0263
43.6123
37.9506
42.9225
24.0262
47.2237
46.9724
41.8036
27.9862
49.3323
40.4123
25.2345
45.944
32.2314
64.1604
40.6015
25.4442
43.5629
52.8143
43.9391
30.4607
45.1232
30.6713
47.4924
36.8463
31.3981
82.8195
40.9201
34.5199
30.5548
33.6189
39.7532
28.3367
23.945
18.9314
46.6402
29.3639
39.8246
88.7357
33.1157
30.9565
20.4038
17.254
31.5172
37.1984
28.1631
32.3471
46.0475
24.2062
33.9021
43.8938
39.991
42.8119
24.3052
40.3654
36.0655
35.9436
23.5281
40.4523
46.5886
30.1304
41.2776
26.4789
48.8266
45.0878
27.8224
47.338
52.3749
65.0052
41.1826
37.7467
26.1324
33.6861
26.4499
26.6532
69.6133
31.7888
38.9468
52.9922
42.1113
44.7018
31.7341
34.2349
40.758
56.7869
20.7308
35.1044
51.3937
24.9236
32.9277
23.0835
38.3244
67.3218
34.0905
40.765
33.0508
34.6488
21.327
37.5001
37.2468
50.1688
50.5133
20.3604
41.7056
56.4107
29.5811
33.158
28.3917
42.9708
27.641
47.8009
33.6425
43.031
57.9062
17.9408
44.1801
30.9621
26.192
39.8722
29.9938
59.2204
47.5155
37.5484
27.7067
53.9378
31.4464
17.1459
37.585
28.2153
49.7163
48.0034
33.2015
46.3029
35.0823
31.6775
33.6488
38.3482
47.4442
31.5697
23.767
25.0717
60.6545
37.3319
38.5319
54.6087
46.7062
73.6558
45.0757
26.442
29.3944
43.9374
31.6342
21.2338
53.9497
47.1243
50.0452
38.3197
35.7392
40.7639
37.3015
45.8123
49.2506
65.7666
24.6076
21.6479
24.3841
26.85
59.5159
27.9148
35.6169
59.9962
51.4753
50.4771
32.5312
33.7894
35.8729
39.5889
24.7227
33.7405
38.8809
25.6078
44.593
26.6744
54.9748
95.9092
22.8209
34.3331
31.7188
29.9643
54.3547
19.7922
28.3866
52.3246
22.1082
45.4018
46.4186
52.0457
36.9076
28.8996
26.1468
48.0258
58.5873
20.3957
24.2889
30.5987
30.9652
78.2186
34.9958
62.7006
55.735
29.1124
31.9134
29.5651
30.401
23.336
42.8281
49.1117
51.5702
57.8734
19.9882
40.3941
50.154
40.3916
37.0808
33.95
48.9758
39.1234
40.7458
23.9576
35.9321
37.3965
22.3542
42.7626
37.6927
67.032
38.5549
26.8745
53.3168
53.8931
51.7484
37.7873
25.5786
35.1943
38.8435
28.7736
19.0067
42.1107
52.628
51.2922
50.0249
21.4898
45.9573
32.0788
31.5724
42.637
39.9989
26.1492
27.2084
28.9474
26.1933
57.419
32.7748
31.517
66.7614
20.9391
34.3027
38.1934
38.432
53.407
30.6882
23.1872
20.5839
37.3688
24.4733
41.0837
57.7445
35.859
29.8764
30.7541
49.2175
34.0448
42.2818
31.4959
30.1137
49.9507
25.0983
35.8915
29.3427
42.9791
17.5904
39.7763
75.6363
41.1455
49.3082
36.7271
39.1715
27.5636
24.9734
27.2512
33.3821
36.2446
26.3885
76.3543
48.7581
56.1606
44.3829
26.1282
69.7514
40.8317
34.6544
33.6307
65.1714
49.6963
25.352
31.7942
17.4107
56.9599
71.7645
32.0365
66.6048
39.2543
41.8568
31.469
28.124
40.1221
41.1268
36.7125
37.1225
57.7346
34.5388
35.6543
36.5417
36.4399
59.35
43.4007
34.9919
31.6211
40.7926
33.1604
44.2078
40.7099
34.2292
53.3526
22.7864
42.1661
58.751
24.371
33.3069
41.0166
56.1677
36.9965
42.1563
35.0072
39.2514
49.1531
19.8479
50.6041
51.4293
47.3163
28.7025
17.4294
32.0828
49.2292
58.0183
28.4152
23.7296
27.8322
34.247
48.4213
24.0069
53.0562
54.8342
29.0046
38.4525
22.5614
49.867
53.0675
26.8094
53.7616
35.5763
32.2423
36.1585
23.0194
60.6841
38.38
31.0665
27.3548
25.4559
27.7012
33.6524
42.666
40.9045
73.2688
25.7782
24.1084
52.5002
36.946
35.7339
27.4561
46.5417
35.2506
31.9195
35.9935
21.8951
62.4962
36.6215
38.815
46.0121
60.137
43.6639
26.3748
25.111
26.2265
49.0145
38.3576
23.1222
53.9883
39.7378
48.8231
43.5843
31.9885
38.0664
34.6082
32.6717
32.2196
48.0231
33.3391
33.8716
45.0829
41.8865
53.0731
23.4895
20.5853
48.1619
41.3972
61.306
31.162
33.6034
31.294
35.6601
30.3748
28.545
65.0208
32.9459
34.4423
33.4747
24.6391
68.669
41.395
28.56
37.5901
38.5225
46.6737
30.5214
28.678
30.9
45.5116
36.7812
27.8872
66.4313
39.2245
36.0384
20.9865
22.8833
52.3781
36.4684
43.2188
38.1708
32.0035
38.9226
34.4042
42.8662
42.7375
54.8775
25.7684
15.6813
37.7606
26.0819
46.3332
42.956
45.9191
31.7862
33.1217
38.9871
34.1681
57.2233
28.3152
37.511
35.7699
30.9839
23.0128
29.0375
43.03
25.9274
46.5539
46.0408
46.4574
71.7372
24.8523
46.6072
34.6517
24.1501
19.9009
38.4934
54.0893
42.9433
58.3044
25.9921
42.334
34.424
22.3062
46.639
43.0263
52.964
37.7096
27.2074
37.97
78.8935
31.0575
30.5863
37.838
20.6028
37.5915
36.9341
55.7878
58.0534
25.9501
23.5224
26.6137
35.5759
44.5073
36.7022
35.9671
30.2016
41.0591
22.5885
44.4564
43.8626
40.6659
33.0224
21.7246
47.2555
82.3579
37.3963
30.4353
26.3672
38.8429
26.0904
27.874
22.775
41.1859
79.4729
27.4139
30.5813
25.9926
34.0154
59.9121
30.6083
26.8453
20.1394
44.8484
29.3424
33.1932
56.0724
32.5566
28.6301
25.785
26.4973
24.3251
31.5443
27.7148
34.313
50.9107
23.4473
36.3893
41.8331
37.3989
29.7825
22.4783
30.2985
25.1099
34.7187
20.465
45.7213
35.3728
29.0968
37.5564
21.591
44.4362
24.0771
40.4727
64.1369
29.4865
22.9321
20.945
26.6731
25.6201
41.342
19.9537
23.1493
70.7745
31.0757
29.5289
39.8042
24.1074
44.1298
29.8519
28.4542
51.799
16.1214
21.2931
42.9937
32.5955
44.5966
23.5316
21.9912
42.3577
46.1118
51.2507
21.7439
21.7657
21.6276
31.8862
31.9479
18.9675
45.3704
37.2755
57.3134
39.4947
20.3068
27.0188
38.2834
50.8786
26.0029
50.816
26.7064
31.9682
32.5596
34.0261
37.2384
25.9607
20.6666
39.7053
60.1449
33.434
32.7325
28.6997
24.8935
46.3993
25.2995
42.0215
39.7162
44.2019
22.2476
34.6705
36.7153
30.8309
41.4428
21.7487
43.9636
84.7335
38.3991
43.4934
27.0643
22.7624
49.0488
18.2654
39.0423
51.4348
44.4184
33.9227
27.4835
36.1377
36.8095
42.157
23.5527
34.505
49.2919
19.2074
32.7953
32.9069
53.4819
54.7727
42.009
35.4325
30.8926
40.1788
15.7503
34.1466
44.1627
40.1021
39.8952
35.8066
43.4565
35.2676
29.9642
26.1718
57.218
63.0625
20.5275
30.9129
20.7647
25.0774
47.7575
26.717
57.9975
31.3305
35.4004
36.7416
52.8988
34.0228
18.9613
27.0235
26.934
46.5834
32.931
23.0614
77.6644
34.908
25.7285
44.6015
30.2092
44.7943
38.8838
31.7476
29.4842
43.7823
17.4462
28.0996
50.2605
38.3327
48.1776
24.3754
27.2942
46.141
31.1489
41.9855
36.2584
45.2438
30.172
32.3325
32.1949
29.6827
36.3861
22.1982
49.5189
55.437
31.115
43.2696
26.6665
45.4991
38.4246
25.9406
29.3718
48.5089
50.4463
24.9546
40.7828
29.6773
55.9448
31.3096
22.5019
64.227
46.0297
43.9739
32.0428
20.1069
36.9358
57.138
69.9418
24.4381
59.6763
35.5165
33.2257
39.0988
26.2811
46.338
30.3607
23.7793
24.3779
47.0459
54.2362
26.4706
54.6413
41.1817
52.8962
51.3955
31.8907
40.5852
25.1742
31.3469
35.0885
53.2526
22.3894
24.7821
34.8923
31.91
57.4458
45.8658
37.8168
46.2602
52.4762
25.4531
21.8157
29.1814
31.628
50.8845
30.8106
35.6813
56.0166
24.4317
29.3392
25.8279
34.3237
53.5672
36.0583
46.3247
42.8719
40.2912
20.5241
28.304
38.0745
23.211
45.5476
25.8121
50.8159
36.0676
19.7083
61.2687
46.4323
39.7007
32.7631
21.9791
50.6107
37.2679
28.4496
28.9487
33.6454
31.458
19.3783
34.8395
33.978
51.9595
38.2621
28.9537
39.6301
43.4533
41.8435
24.3526
47.0079
30.1019
17.766
40.4584
26.2963
34.9535
37.6844
59.491
39.728
32.3582
30.24
25.0241
40.3386
17.7042
27.2999
32.6245
29.1321
53.5914
34.8348
53.1911
51.1734
28.3356
28.6963
33.6655
45.5304
21.8038
24.2333
28.1533
35.2139
38.2414
28.6059
70.236
40.6107
40.75
28.439
17.8914
37.5498
33.1187
31.0519
44.2599
48.3442
25.8448
25.0978
25.2427
26.7832
66.985
39.9022
29.5863
41.4015
32.9559
27.019
27.4581
31.8646
21.1215
33.064
24.6733
44.5027
82.3168
33.6231
27.9126
18.4864
23.9957
40.5839
39.2071
34.6155
34.2929
56.5556
23.32
28.7781
50.2654
22.7663
24.8179
26.6383
38.0442
42.7245
30.259
22.2223
21.0924
38.0794
28.4923
38.547
30.0899
23.1213
39.3365
23.4371
48.8737
45.8039
30.5784
21.5512
23.5732
41.1068
30.2599
36.0191
22.0406
34.7688
49.7376
22.4622
34.9064
24.5747
49.1591
48.151
31.6823
34.0668
30.9288
26.3825
15.8787
22.406
39.9114
55.536
44.548
21.0922
46.6439
40.4546
26.6625
25.2992
18.7821
38.2534
37.1835
37.1511
24.7914
47.5122
46.1801
30.5736
36.0162
20.2311
39.9396
31.8573
18.7093
40.6676
55.6398
52.1892
21.0114
19.0078
20.0473
37.2135
57.9539
27.2037
26.8896
23.9868
32.2782
62.1653
32.3945
41.1213
36.0785
31.6151
17.6622
48.8613
36.9795
33.8905
36.0703
18.6275
45.8077
52.4987
27.123
36.399
34.8464
48.4703
27.0027
23.0995
35.8276
49.2139
57.7642
23.7818
38.8125
34.0101
24.9605
38.4724
21.1519
71.5249
60.733
26.8663
33.6301
24.999
42.217
41.3911
32.0831
32.7307
42.0702
54.566
19.23
44.1899
56.0065
32.682
36.2899
38.1574
37.3766
19.3961
31.4246
25.9351
48.5017
77.1384
28.5644
38.9501
50.4006
37.8138
23.4078
18.3393
32.1861
39.6381
58.8193
42.6823
43.2176
57.3114
29.116
37.2042
28.6043
38.7431
54.4839
18.758
25.0646
27.3755
51.1905
54.414
31.7486
38.1424
38.099
40.0135
23.8698
42.6006
36.827
19.4455
39.7699
31.5429
64.0904
34.975
26.6275
59.3226
41.7303
40.3179
32.9442
38.9702
28.1696
35.761
37.568
31.8618
63.7473
25.5821
27.9846
30.5855
25.5245
32.4884
25.0489
46.2638
50.9955
25.9459
32.124
35.7322
38.7095
38.0751
30.8959
38.9613
33.1948
34.1375
22.9495
41.4354
56.718
30.3764
31.0446
20.3514
42.8939
61.0822
29.914
28.5118
31.7037
42.0867
37.215
53.0042
31.4163
47.8628
70.3003
22.9696
39.1931
33.0888
22.6076
38.1405
41.8161
55.343
43.0292
42.7142
42.2575
54.7186
38.3711
18.892
25.4544
32.3178
34.4765
37.8265
57.8895
44.4423
69.6852
31.0151
19.1579
54.4664
35.737
48.5957
59.0426
49.9449
33.6965
31.3822
40.139
38.7755
50.3795
22.7457
32.5117
47.4521
35.2656
33.0699
37.2736
56.3643
55.2385
53.6312
33.3418
48.7604
40.8151
19.663
37.5827
31.9731
47.5779
62.637
24.9496
71.488
55.1776
47.698
46.2123
28.2445
39.0145
32.5057
31.9822
37.1976
56.4006
45.6791
24.1427
36.8932
31.5266
37.8457
37.992
46.9785
59.278
77.8669
33.0923
21.681
46.8783
22.4364
28.7384
50.9796
39.7189
59.8672
37.2186
32.1406
63.8584
58.8607
47.392
29.176
20.6325
30.2969
51.8154
32.928
44.5973
73.1367
34.1152
37.5452
34.0886
42.402
65.4689
34.8797
39.5996
36.3929
54.9551
27.4451
32.6802
32.5143
30.3305
46.7104
33.6015
38.8267
33.2806
30.882
26.7252
39.0681
43.868
24.9508
71.13
54.7135
63.7677
50.3538
19.8392
33.4754
32.6881
35.5233
26.8747
32.6551
41.1205
36.8298
45.8544
28.3275
54.6437
48.0096
22.3303
44.6075
46.2765
47.6068
29.1617
19.1728
30.483
43.4708
40.3373
43.5293
79.4868
26.8375
30.0359
40.2517
32.2516
54.0057
28.7949
34.2092
35.5706
53.1334
31.9119
24.9094
50.2429
46.2092
63.6405
46.9058
27.3684
58.7576
29.2547
30.6637
32.4208
35.8701
43.0719
32.3612
38.3829
52.3769
80.2733
51.3744
30.0391
27.8937
19.8227
62.0426
39.1799
44.672
72.7769
35.6101
35.2049
27.9449
27.4586
57.4657
72.5343
33.2188
21.6973
40.0799
32.768
43.5343
58.04
36.211
55.4102
32.756
36.5939
51.2118
51.6717
40.2698
26.3285
28.1512
34.9548
33.4604
34.4379
30.3274
43.6724
30.3826
26.3195
34.9226
41.2744
68.6207
38.488
24.6821
37.5594
32.1159
45.7333
29.3088
26.3432
43.0164
53.0192
54.1708
31.7661
50.1564
27.0823
34.0148
38.5811
41.0757
67.4582
36.2099
41.3905
34.1647
35.8195
18.9369
44.4541
44.1684
40.6312
55.4967
35.5715
64.0695
50.8826
39.0251
34.7144
55.2637
45.4042
28.4086
47.5611
31.387
35.5738
28.4212
18.4008
47.729
78.6591
78.5122
29.8221
36.0798
23.0061
57.9134
62.8391
26.7532
37.8291
29.2359
33.5802
36.7732
44.4258
62.2692
34.9075
29.1155
30.4593
57.758
70.2646
21.5662
40.5306
40.7653
37.3405
49.0338
29.6579
45.6894
63.2356
59.5566
26.2797
21.3871
30.2142
52.5416
91.842
49.2576
26.5636
35.7288
24.9607
42.78
28.8505
29.9138
64.8185
37.3562
42.0523
39.2756
44.7796
55.9757
38.6662
37.7573
36.7766
44.2026
26.6374
21.0933
49.4988
36.643
47.9006
47.3948
44.374
77.1307
44.908
32.6542
30.5024
33.7567
22.9451
46.9865
51.824
48.5323
69.6475
25.4506
60.1501
60.89
50.7906
50.4472
54.9614
32.9856
31.5134
28.6538
25.629
76.9262
52.3497
32.8149
57.2267
43.2742
87.2307
57.6575
42.2804
63.111
34.482
34.0273
26.6156
32.3017
46.3855
38.9607
40.0961
51.5085
76.7157
44.8268
47.6268
70.2685
44.3685
43.5486
27.7185
38.2277
45.2904
43.7443
37.9038
78.2838
49.0862
39.5209
33.6866
32.8383
51.4838
37.1051
41.0015
59.5811
65.8301
57.2144
27.3811
59.4359
40.4707
50.3179
39.4256
33.7026
58.3595
36.0592
36.7588
30.048
58.3985
49.1763
44.2878
51.6683
48.4034
66.2612
36.3273
20.9387
51.1528
44.6236
56.2314
28.6566
44.5343
48.7286
61.3416
59.8214
30.4004
70.3054
49.8849
28.2005
76.2807
35.2731
33.2055
53.1377
36.0288
65.9136
43.2481
30.0885
53.4952
43.3651
42.0896
42.0238
66.3331
48.3411
46.9983
43.9239
27.4636
51.6032
28.0931
38.0148
61.3728
49.6927
51.1171
36.4295
50.2871
30.0698
46.5915
32.1313
66.8841
54.9758
30.4177
38.9852
38.6622
59.6848
36.902
44.8535
41.799
58.1527
42.4832
29.9808
63.9573
36.5463
47.99
55.8765
40.8339
43.996
36.7845
51.6644
66.1416
51.5673
29.2665
32.1735
43.1257
45.1591
56.596
34.2896
46.9766
67.1508
29.3139
43.2962
47.2674
51.981
28.7673
39.16
64.2727
58.9413
79.9184
24.9928
36.6781
65.6751
36.9289
42.6402
34.1846
41.6541
35.1395
42.5415
44.2323
56.2297
96.735
33.9827
42.4864
39.7671
38.621
73.0986
29.5591
46.5396
52.5603
37.7915
36.7969
39.1054
60.3825
47.7064
40.7967
28.5627
47.9785
75.6959
33.6874
75.7677
47.5774
28.3311
28.934
28.2546
76.9193
67.1149
38.3489
36.739
43.0619
51.0328
46.5727
69.847
49.7433
63.0233
37.882
21.8
45.9673
46.8321
51.8574
34.8843
34.1843
54.5584
61.571
58.4182
23.7041
65.6201
54.919
57.3555
41.5833
24.6378
37.1629
52.6375
68.7272
41.2365
66.7348
39.14
35.7438
39.15
32.637
63.9599
48.5656
34.8523
24.3217
44.9457
65.1136
53.8544
54.108
26.9701
65.3184
53.6437
39.7031
47.6653
40.5217
43.5618
37.3802
37.7383
42.9171
63.3339
44.0288
36.9134
63.3735
26.501
41.6466
44.5613
50.5037
66.1722
32.7757
49.5604
52.2588
46.6111
23.0848
31.2297
54.9361
53.8287
58.7191
36.5485
44.8869
73.2822
47.7909
36.286
34.5841
47.4069
48.437
35.7261
37.9877
40.2166
67.2109
33.0023
54.7322
60.3129
46.6789
37.8547
39.0887
54.9565
47.0988
62.9738
31.6769
67.609
69.4659
25.0762
39.4978
38.9069
75.3453
69.9832
40.4262
26.3837
29.7921
50.3734
48.2418
52.2123
62.2671
48.1157
83.1991
31.689
51.7461
46.6015
24.18
69.4066
66.5927
56.4504
54.0967
27.4562
69.3339
81.3198
35.6672
100.69
47.7128
35.0191
40.4549
33.6453
78.0537
76.4783
60.1727
32.1952
48.4388
68.4727
45.8075
66.9651
32.6851
55.2279
57.2658
28.987
77.3735
68.0887
48.3886
63.889
43.1281
63.443
33.5601
37.2796
28.1583
71.4494
53.4447
60.1562
104.271
39.2378
39.8428
37.1262
41.8421
54.7137
47.7153
53.2728
49.9195
71.7155
48.4888
45.4981
72.492
39.5917
42.1185
34.2908
64.1302
57.809
50.2009
50.3637
68.2598
78.0982
35.9765
50.5849
49.2493
73.8182
54.3195
32.5829
50.5133
60.6178
58.614
27.5025
51.1154
41.42
71.9804
50.4344
46.8289
63.3763
59.5566
44.3852
39.7225
57.7006
38.568
44.2171
39.7389
37.8708
81.8389
43.2252
54.4331
65.0005
57.3754
67.6236
34.2763
44.7385
47.8975
53.0701
33.7379
36.452
57.2072
42.2906
56.1329
58.7062
58.0359
77.9352
32.6367
63.5637
80.3338
63.2022
50.3658
42.7079
55.9459
35.6946
41.0166
51.2534
94.5552
81.3049
45.6071
66.361
40.6829
57.1477
61.5473
43.1193
74.956
54.7574
47.5843
23.0555
50.5272
84.1084
83.8475
107.33
40.4657
41.293
81.278
44.1959
49.2907
49.9672
67.5899
53.7633
62.1128
28.8756
34.5181
125.663
62.7067
63.2415
45.9243
39.9956
80.0301
70.6752
51.2128
36.91
38.542
46.7441
50.0973
67.511
64.0783
121.992
79.6817
41.0909
68.1331
42.8686
59.2726
38.8442
28.4276
51.3168
74.9995
75.5329
52.8913
138.383
48.1445
49.0331
44.4304
39.2697
62.638
44.8616
56.8374
63.9164
82.4226
26.6829
43.4385
54.0657
73.7504
109.308
44.2296
82.7217
64.4557
39.7946
69.1608
46.3372
73.047
66.8215
31.8662
54.4926
55.8301
58.366
44.9503
61.2437
72.5091
57.0753
55.3911
32.4335
71.1081
47.4028
45.8205
109.724
76.1706
63.0344
30.4384
38.5558
56.1396
101.696
109.809
41.4383
73.373
58.1822
43.1145
55.1223
48.5922
80.2407
70.1154
58.6289
39.6409
61.7988
39.5478
53.4821
75.6115
60.749
102.234
54.6239
44.7919
82.1807
43.4863
59.5131
61.7101
72.3152
71.5358
88.9433
65.6622
50.1986
84.7813
29.8616
62.6789
78.97
77.4511
74.2142
49.0103
69.3342
42.3786
50.3733
46.7632
74.9723
114.537
52.9945
103.384
83.541
69.0243
65.175
33.9469
55.9915
56.9189
55.9837
46.7289
85.3689
87.5785
58.9988
104.211
63.7108
63.1781
52.9741
48.1288
64.0562
65.9746
42.2512
35.2481
74.9184
78.6552
102.176
56.6558
43.3259
159.108
63.0708
58.678
43.404
36.0976
67.5541
75.1443
55.5038
42.7027
81.199
90.6138
76.962
77.5924
40.0087
63.3436
29.4728
62.8367
86.6402
96.0835
82.3724
60.5803
60.1009
61.4314
70.9792
49.8181
84.2781
86.8368
47.4744
77.1954
46.6284
108.152
93.7353
42.7439
55.0552
52.9927
82.7296
60.3474
36.6925
76.1521
91.1157
70.9893
58.4162
76.8937
93.1077
51.2589
73.0786
83.6593
50.1902
62.5172
28.1823
77.1336
150.648
109.068
61.809
52.415
52.0743
70.2808
93.2899
41.265
67.3089
93.5165
56.9103
90.0881
59.5778
95.2393
100.868
53.5545
51.6533
64.9256
107.082
43.6275
106.668
78.059
64.3777
89.0751
62.529
76.4775
55.3509
51.8664
49.8213
118.864
106.361
72.8648
95.7323
59.5509
136.968
96.9535
43.6348
65.5529
49.4131
75.3139
82.9814
56.906
92.0367
128.477
120.63
53.7872
93.8685
71.1117
60.4173
92.97
62.8785
140.166
105.488
61.2045
41.4385
66.6856
84.0225
54.8904
130.39
105.208
139.842
126.438
34.8375
100.112
90.0736
85.5348
79.2381
55.0898
75.8056
91.1537
100.332
65.8723
181.704
136.085
64.0556
70.1795
54.4253
81.7786
56.2408
54.6855
60.2502
111.206
106.24
66.0496
138.798
82.85
81.1724
122.146
91.9516
170.576
102.088
43.0878
60.1417
68.4278
97.6285
66.7947
69.6325
80.2753
96.8704
99.3462
68.618
168.804
104.995
69.1495
87.4019
59.8692
83.1053
59.467
45.0263
108.187
136.303
142.995
68.9907
120.855
68.4101
108.89
82.3567
54.0172
133.877
80.6137
73.2609
135.968
58.1216
76.6268
71.1066
96.1272
127.332
99.7691
74.4705
104.828
126.568
58.6083
113.128
102.721
90.8996
100.174
63.2488
95.5387
78.0955
71.5938
64.0808
179.719
137.459
76.5075
103.581
78.7698
86.784
76.9191
79.6858
71.6062
125.573
99.1187
77.04
208.79
98.0763
86.268
77.2132
69.465
183.065
130.936
82.8568
63.8425
83.7495
177.864
115.862
104.13
62.6894
94.3859
125.386
84.4606
158.691
101.953
134.39
98.6199
58.7353
121.671
91.5745
116.177
117.282
129.291
101.47
98.4205
96.1144
91.9473
207.323
103.112
106.03
132.314
142.857
81.6637
100.71
110.683
93.2663
162.727
60.565
161.071
129.056
96.8317
174.079
108.41
143.411
118.156
108.021
108.572
97.8255
78.0436
64.5898
142.2
225.006
151.414
131.765
81.0341
163.484
101.51
75.8483
112.667
102.314
180.362
107.12
103.078
91.8066
149.727
87.4447
118.295
206.358
185.887
161.789
100.892
94.0991
96.3721
124.201
112.675
97.5189
188.776
108.505
93.4037
168.851
130.657
239.356
101.723
93.5884
121.532
114.526
109.655
104.61
127.435
176.511
228.245
87.0853
136.448
124.815
98.3158
150.598
104.845
165.825
187.144
183.513
130.776
229.113
174.102
78.2517
150.186
115.625
141.085
188.164
109.801
184.493
133.148
97.28
116.705
169.123
165.339
121.927
169.744
112.325
269.567
197.577
105.582
165.134
135.481
131.495
97.0828
233.333
160.28
110.429
194.127
127.548
274.648
190.073
91.8517
179.859
178.034
207.836
94.1177
98.4365
104.55
214.15
216.3
122.261
208.819
130.368
140.432
182.993
157.084
306.518
194.757
171.759
151.596
152.528
82.1199
137.486
187.238
170.698
307.774
155.341
165.398
278.377
146.033
238.374
239.526
210.849
140.781
105.226
163.797
176.445
150.905
141.944
332.392
356.722
129.812
172.129
149.444
308.672
247.285
172.828
102.395
119.445
185.844
227.973
275.025
205.588
188.183
257.793
139.769
382.744
273.037
99.6816
208.492
158.817
294.792
392.934
172.837
354.344
269.21
223.518
125.407
121.236
272.513
283.124
314.809
161.873
329.594
380.664
247.103
184.977
155.599
207.727
163.852
256.469
203.094
301.933
358.855
173.586
290.175
314.499
337.687
200.086
143.569
235.391
289.618
512.952
153.185
220.364
206.578
310.528
428.467
210.411
336.804
348.657
194.355
239.217
270.751
406.926
303.332
275.505
193.905
353.03
428.378
143.546
246.534
259.957
333.312
471.401
280.283
328.517
364.707
336.201
190.112
256.999
295.955
311.683
477.239
202.693
330.459
558.464
336.112
229.524
204.927
321.652
345.123
334.304
513.306
521.791
338.461
237.25
310.071
431.014
399.448
567.24
214.269
237.58
545.587
310.768
504.846
777.192
408.868
530.692
269.126
545.248
682.367
541.295
308.028
330.089
423.072
350.545
405.946
424.77
754.677
987.381
405.005
532.67
582.359
522.852
258.315
597.109
572.432
787.77
861.865
370.644
749.787
513.163
529.909
714.328
656.221
729.662
558.962
598.53
550.593
794.684
413
513.345
895.236
646.25
1243.11
707.519
1398.79
1384.25
512.37
531.437
703.961
906.246
706.698
1247.95
967.545
1215.56
751.1
632.286
1378.31
1301.91
1835.19
1142.4
898.209
1185.04
1241
1210.81
1117.66
2014.24
872.46
1833.3
2214.88
1801.53
1504.58
1410.55
2138.79
2115.74
2503.49
1547.5
1529.81
3560.44
3097.11
3945.82
2964.31
2491.24
3741.13
4590.44
5929.81
5009.92
9934.49
5148.08
4020.4
17075.5
28709
2.07656e+06
42946.8
18140.6
21797.1
9420.1
7313.49
6103.08
5695.17
3442.11
2934.75
2913.45
3657.48
7354.89
2810.4
3696.63
3280.58
2044.26
2812.16
1585.24
2659.17
2137.2
1573.7
1415.8
1690
1400.08
1219.49
1937.53
1641.87
2599.72
1322.95
862.568
1960.1
1145.72
1189.35
817.62
801.152
921.49
1037.68
1064.13
1005.86
1568.53
747.314
848.025
1015.06
614.64
553.595
1030.51
1323.37
689.64
879.251
666.737
868.862
864.015
381.636
725.585
742.878
880.746
635.585
552.743
727.106
560.229
684.587
399.076
765.624
529.95
417.399
633.518
614.464
998.022
651.925
312.87
554.825
548.867
694.699
429.143
331.488
627.603
808.028
810.046
430.584
833.266
381.718
269.849
404.854
288.409
702.719
599.725
417.695
528.471
612.529
498.198
226.737
448.587
393.293
602.984
646.103
237.988
385.156
429.088
409.188
301.395
249.664
389.004
332.373
453.386
263.383
451.515
374.553
176.12
338.371
418.647
493.538
325.846
342.493
297.627
265.658
359.168
211.689
445.587
443.254
167.921
311.875
244.183
449.375
427.145
286.475
382.693
458.525
372.347
199.315
131.95
265.333
592.132
460.919
285.216
474.339
219.122
244.104
245.983
168.735
437.901
219.315
183.743
353.703
278.902
356.061
258.596
228.504
316.419
260.013
176.983
174.976
263.309
128.216
182.333
249.169
254.23
506.063
189.86
170.027
250.128
312.547
276.797
168.832
158.966
171.058
349.41
229.629
236.669
339.082
229.988
187.743
170.017
197.562
137.216
160.235
204.507
286.44
478.996
147.999
165.939
166.28
154.76
389.588
157.185
156.993
184.701
125.868
212.008
148.181
228.586
344.801
183.34
237.649
298.461
301.173
107.096
148.304
122.268
155.301
275.206
163.229
273.378
196.637
204.728
186.766
214.569
223.089
147.225
126.999
128.578
189.5
203.34
123.566
174.131
224.674
362.349
256.01
82.0785
130.951
163.609
185.947
123.093
215.235
218.737
145.813
186.929
86.6245
197.44
249.504
146.245
219.092
173.803
145.037
98.0531
123.318
208.533
190.764
199.645
126.778
266.369
121.972
114.781
173.678
139.843
166.823
94.389
90.2584
210.199
167.34
181.782
126.478
178.63
135.139
139.858
121.884
95.8158
208.81
135.007
119
90.1267
114.22
143.871
146.078
188.598
156.586
195.021
145.702
120.342
224.436
70.6927
105.902
115.312
121.488
220.095
102.469
147.649
154.161
158.043
115.376
200.082
275.595
105.318
134.315
81.9926
111.372
210.721
89.5906
124.45
94.7008
144.864
143.302
115.19
149.729
169.328
112.034
80.0928
174.214
143.129
130.563
135.163
91.4408
126.771
86.27
81.6155
89.8921
119.174
166.687
146.982
140.722
109.006
183.987
76.7931
73.9524
169.444
122.415
134.421
102.206
88.3302
93.0557
107.01
90.0175
90.7854
178.357
97.5362
149.436
161.206
104.387
139.142
78.1303
125.279
91.7926
72.0066
55.3378
115.669
199.559
123.637
98.5163
85.7008
147.835
125.087
107.098
101.592
119.84
129.754
58.4813
104.024
81.1731
120.121
159.824
73.7538
169.602
115.467
111.531
84.9447
169.774
145.565
110.66
90.9029
48.3841
204.974
168.227
86.6238
111.149
70.9511
128.415
123.049
68.5258
123.046
124.432
138.676
111.206
134.054
98.7186
68.1361
80.3787
46.4134
199.026
208.206
95.6042
97.6499
97.369
99.7291
85.4941
94.8248
87.4917
126.799
86.9267
54.7002
117.468
83.2481
118.745
133.555
117.121
87.9272
76.219
86.7001
68.0703
109.428
75.2037
83.9889
175.846
74.5537
88.8864
85.016
93.9792
77.161
74.7352
88.2057
101.806
167.822
70.0202
70.0244
100.563
84.6742
103.034
75.5939
91.3522
107.828
87.9933
67.6468
83.4408
109.275
63.9626
109.224
115.453
124.44
164.485
53.2823
72.3937
82.9684
87.2106
108.789
63.5046
89.8183
121.965
117.443
64.0238
112.595
84.3738
94.874
105.651
63.1541
125.892
86.9673
52.9875
94.3784
92.1773
141.767
81.0615
61.9376
78.7116
108.44
117.049
56.6355
99.8123
104.06
73.7855
65.7823
88.1409
96.8602
73.9898
77.2216
69.5763
124.704
116.943
65.9996
131.013
46.4192
69.863
61.096
79.2369
175.541
69.5041
70.9368
77.0486
62.1317
69.3302
51.6209
53.5735
69.1957
95.4045
94.5328
87.9217
153.951
73.233
81.006
48.2896
31.4624
105.194
120.056
105.113
90.5185
53.5648
102.185
93.8416
74.9843
60.686
47.341
61.4301
56.809
66.5389
83.4919
121.71
72.8917
71.2919
127.431
44.8102
53.4642
52.3081
49.6117
83.2433
59.5311
91.845
87.575
105.771
55.6996
128.91
89.0926
52.6956
77.3839
54.2911
82.8645
75.9869
52.8282
45.7958
115.706
115.1
48.4392
107.268
74.9581
96.8501
85.8772
70.9305
81.7838
76.5801
54.1227
34.002
69.5559
66.2715
107.54
72.9138
57.0888
157.224
58.0471
57.5362
73.2038
77.688
133.419
74.155
63.6862
44.5553
74.7239
61.7713
51.3423
65.226
63.4864
124.59
75.946
83.1255
120.872
51.1719
41.5765
45.731
55.1461
70.7752
98.5883
107.631
66.5689
93.5422
43.0401
48.628
106.282
48.5191
100.389
110.901
66.9824
47.8113
43.9962
81.0631
82.2351
69.4677
55.3938
58.0935
73.6064
49.5397
83.1963
91.7589
95.5402
53.2825
46.048
65.4462
52.9692
64.1248
67.102
82.6602
119.001
39.6351
51.9469
44.6733
63.7352
168.15
55.9502
81.434
91.9255
54.1115
83.2734
46.4267
80.1995
71.474
51.8887
34.8316
62.4225
113.398
65.6199
78.8875
39.7317
78.386
111.057
64.9428
47.5617
47.0287
72.9195
65.8697
80.3344
52.0495
101.785
90.8949
39.8225
85.7025
58.5878
57.5329
70.7731
64.8242
54.1552
49.2094
49.4892
45.3732
122.502
80.2171
71.5188
84.8897
54.8901
53.7279
39.0503
35.8871
48.2223
84.2821
71.3152
60.0345
80.3736
51.954
70.9254
42.1582
67.026
119.761
63.629
51.3305
34.504
37.468
57.6773
43.2921
44.8183
45.9257
71.0557
91.4235
86.6332
52.0014
29.4193
67.9028
70.2965
70.641
57.0637
25.6287
44.5753
65.5261
68.1199
40.9647
63.8922
60.853
60.4673
61.1951
42.2293
107.243
67.5039
34.5628
55.1575
49.4041
50.5286
31.5587
40.2558
63.263
70.4463
90.2989
47.1397
75.4538
62.7682
33.5809
73.5982
52.3787
56.9927
42.5829
30.8537
49.4639
50.7205
58.6692
66.2557
92.1029
54.7384
59.6222
49.8195
33.9903
40.1645
35.8522
57.4502
91.5283
73.6543
57.24
62.9296
76.6687
42.0449
58.9141
51.816
50.6299
93.8595
37.7489
60.8585
64.5126
59.2518
46.1942
51.6021
77.0501
49.3567
44.3721
31.7168
77.7495
128.809
53.5527
78.7792
47.3578
64.9566
80.3898
39.37
52.5734
47.7664
44.2386
36.8704
81.1544
63.6221
68.2527
85.8913
68.8491
64.4556
42.2423
39.1765
54.9476
83.1725
72.8692
26.0173
52.9405
45.7155
64.83
89.2936
55.142
92.0921
60.7701
39.4162
41.2893
57.2964
60.5684
34.3505
52.1769
48.3107
70.3044
78.1755
58.9179
106.068
44.682
35.6048
61.1058
49.1846
75.4165
49.3998
27.9247
41.3835
66.0835
76.2407
54.8152
61.6492
50.1923
68.9236
58.8519
37.2281
101.445
48.3519
48.0138
41.8259
41.3558
38.0967
40.4502
56.1896
47.3184
73.816
58.9609
49.3042
106.314
29.8535
46.1036
68.6365
58.445
50.7625
38.7979
36.0447
34.2521
62.8268
40.2278
66.8026
104.729
59.5264
56.3736
39.8002
50.1627
46.3438
40.4465
32.0753
65.2211
71.7892
47.5298
61.8729
32.3522
69.4702
70.9529
32.6462
50.1211
49.2105
68.6238
47.1174
27.7869
47.8103
55.7237
68.4382
33.6371
49.1518
76.4445
59.4055
49.6555
28.9772
48.5135
51.8767
32.4359
62.2727
38.5967
60.7656
38.0312
38.4025
75.5623
79.5457
63.3256
29.4404
35.5295
35.4665
64.3792
47.7791
40.6179
76.6289
36.3737
33.8739
38.6551
42.0111
39.4555
38.9976
56.2227
49.8634
39.9373
36.2638
58.6527
65.0021
31.8065
57.4679
39.8468
83.4524
40.1105
35.8284
46.0419
35.8642
38.6305
40.3299
53.5677
45.466
59.216
36.0597
53.398
74.5808
41.5446
45.2709
54.2244
57.7841
21.9954
47.9087
46.1611
67.2542
111.171
34.6708
47.5316
53.3345
49.9811
43.0586
32.9024
55.0047
52.4676
74.5658
27.528
34.631
48.1377
37.6469
71.964
44.403
69.8317
91.54
28.9971
51.2114
69.5218
51.1156
55.1931
32.2726
41.907
36.0592
51.7998
38.8083
59.9023
72.4166
37.0803
50.3604
63.3798
75.1036
30.3916
56.2994
56.3839
34.9954
77.0899
48.0711
46.5028
37.1368
29.5481
42.7298
92.0534
40.2033
39.7573
69.4947
40.9141
44.689
46.2254
42.1475
85.3979
33.9178
40.9465
40.9608
38.2552
36.1736
32.724
46.5128
50.6725
57.8633
42.9043
69.804
59.6903
33.9708
45.7507
33.4637
61.4978
46.1674
35.8639
38.1834
64.1301
47.0603
19.7571
31.369
46.1855
60.2691
78.1784
22.2886
40.8715
42.614
48.9984
78.5206
28.9024
41.044
66.594
30.2555
24.7097
36.4137
52.7857
44.2921
44.3022
27.2486
32.6484
59.6258
38.2433
59.9862
45.5609
50.7872
22.9981
24.8611
31.8601
47.9797
69.4595
29.4259
46.1224
32.456
33.6195
29.1583
25.4899
59.125
54.9294
43.2377
35.6138
47.4262
55.4063
26.1088
43.6487
33.6215
36.512
38.6438
21.113
60.9995
58.4185
49.4573
41.8728
23.5638
55.683
42.0297
33.2989
28.7095
37.1013
54.0653
31.6284
53.5849
31.8097
34.7525
38.4535
30.3764
75.6608
49.2006
22.3057
27.8186
27.4616
48.2186
48.7571
41.4919
48.1561
62.8255
53.577
21.5973
45.6253
36.1265
45.3887
38.0331
27.0408
62.8762
48.6782
37.8155
22.9058
50.9947
70.0083
37.4406
36.2079
28.5516
35.3919
42.6154
30.6863
72.1902
53.1306
49.5161
37.6249
21.7076
62.9874
66.5171
55.8291
29.5372
40.7818
42.6272
31.0667
37.3245
28.6677
62.7882
42.337
23.9034
45.114
34.1204
95.0084
53.1712
32.6821
31.061
39.1373
41.1017
23.5032
28.8755
27.8248
65.0498
54.5351
27.5844
52.816
46.2503
42.4705
37.6652
36.5256
29.659
43.9745
31.7369
32.9219
72.6531
33.027
27.3767
38.3588
23.3311
40.8888
43.1375
57.4752
52.7725
43.9674
33.5883
26.7279
37.5086
26.7873
37.6252
46.0546
38.4114
46.0094
21.9356
32.9891
55.1367
37.9703
36.3411
49.6118
60.1288
38.0072
49.8322
24.4475
47.8113
69.8493
20.7514
36.741
37.5497
28.6962
53.5029
27.0009
57.7729
47.5582
31.6297
24.7346
47.2391
35.1059
30.5471
48.7699
38.3913
48.224
26.8363
44.0509
31.6362
38.2012
26.9815
29.5185
85.7346
50.1078
50.5097
30.0677
22.9316
32.2468
25.4734
29.4609
31.6505
69.5597
48.2829
43.0542
43.9993
27.3562
44.1942
19.747
37.4007
74.9727
36.2381
37.0988
26.2595
27.1767
60.3248
53.2834
42.004
30.1892
42.6643
28.8291
42.6771
41.3334
39.1152
47.2013
28.9894
38.744
47.1688
39.9941
28.0124
34.7662
40.9191
36.0322
43.6994
20.535
50.2996
42.2198
24.9723
68.1498
41.1429
54.8889
40.4404
30.9288
59.117
48.2973
35.9021
19.063
22.6902
47.3601
46.0899
48.6723
26.7417
70.649
48.0015
28.7873
48.754
29.9239
41.8024
26.9665
20.0168
41.2035
43.5564
50.5959
35.159
53.4827
26.3126
38.0512
37.7828
38.8769
33.5086
30.6377
42.3056
48.137
66.9884
31.0812
33.2193
35.58
22.7735
40.9426
27.3258
50.9287
70.4098
30.2234
65.9123
52.6052
46.034
28.1641
20.4791
52.6802
51.7689
33.4997
42.0399
52.423
57.7982
35.0345
60.8643
41.6398
43.7308
48.5676
18.5958
44.0618
75.1429
43.1614
37.4838
19.5248
31.688
39.9512
49.9094
30.8395
71.6767
67.3218
31.3985
54.3719
31.4277
33.3429
28.3321
20.667
48.1421
59.543
64.6678
25.8572
30.2887
32.6678
42.6611
63.1782
30.1435
44.5893
38.4709
21.7196
34.2399
38.9056
61.6313
49.8514
42.3359
30.6504
49.2739
29.9953
19.8823
42.0791
38.6712
48.2176
36.4193
35.6083
44.2411
54.3727
39.4407
25.2542
47.1522
23.6122
36.2808
43.0505
38.2592
51.2182
23.2096
37.0493
47.6688
47.9312
29.8177
42.271
42.5463
27.0007
39.4412
22.2838
49.0441
69.7408
31.1488
28.803
29.0683
38.1528
38.9784
42.1609
27.5921
26.8361
41.3825
20.6407
31.1966
44.2403
43.8724
36.5879
50.868
57.996
29.0299
36.479
20.1385
51.3895
45.4117
19.9114
24.0618
31.6794
40.2167
30.1232
34.449
39.4644
68.3066
49.7349
26.3851
40.9677
35.6177
43.0954
24.811
19.5706
30.9697
38.2983
46.7295
29.3859
67.3609
44.7732
35.8061
37.3286
20.5994
43.3467
35.1794
23.5634
77.3596
50.6772
30.318
33.66
20.7201
50.9618
44.6107
22.271
47.0286
45.7999
33.2286
34.6212
32.407
51.0151
38.9627
33.2157
30.4985
51.4769
31.1034
25.1919
63.9864
44.0916
41.3032
28.5244
27.4302
33.4258
41.3681
33.0894
25.6021
54.3919
36.7332
47.3965
38.0592
29.0833
54.3358
22.4194
23.6075
28.9478
36.5724
40.0107
37.5345
44.7071
28.3128
35.1847
25.4599
39.4338
72.6091
32.2289
22.4578
20.6257
30.6028
49.895
65.313
40.3685
18.4686
30.5897
36.6
58.8656
48.3974
18.1028
44.6165
36.3398
38.9691
41.1798
21.349
44.5571
33.9725
21.1533
33.7776
47.3466
58.8534
32.3359
21.2472
25.9226
39.5784
45.9694
26.0963
59.8343
27.4974
33.5527
19.6791
35.3474
50.4035
31.4748
31.076
27.5599
36.5794
28.012
47.7802
34.2437
40.3666
40.2944
20.7161
30.6806
32.5126
30.8052
23.1735
57.7519
41.1329
28.3915
42.0681
29.6144
41.8441
25.5982
15.6356
75.1474
36.3821
45.058
32.3917
21.666
49.8842
33.5604
30.5972
37.1274
29.6665
28.2526
24.238
41.3761
27.7568
31.2733
36.5192
30.8986
63.3466
28.9097
20.5986
47.1327
29.3424
32.1771
32.2684
32.3951
23.9611
36.8097
50.2244
32.4076
47.7611
25.9613
44.5658
54.3375
19.2195
29.7752
32.7597
33.8616
24.3126
51.2107
57.1389
38.3539
37.7803
24.0381
53.8749
38.9616
32.1149
27.3093
33.1604
39.2696
29.0661
28.5383
40.5246
48.586
33.554
18.4167
47.0574
40.5512
55.5304
61.4933
33.6314
46.6587
29.5492
21.6697
17.0277
36.2484
53.6369
57.7623
52.1145
20.3855
47.5861
39.5631
36.9438
34.021
16.5754
44.1072
61.513
42.5543
51.8684
24.5271
38.2046
32.4739
26.6664
25.5038
49.9424
32.6197
21.7114
48.6511
35.5138
43.1399
27.6903
24.5521
53.1623
49.7952
37.4953
18.7262
44.3233
26.6449
35.4804
31.925
28.2361
39.7969
24.2628
31.3567
38.2677
51.3653
37.6497
28.5701
30.4516
21.2019
38.035
27.7911
31.5017
82.5954
49.6513
43.251
27.2843
16.8406
30.0644
39.8943
42.4984
34.9991
67.8956
28.061
32.1076
32.3333
25.0973
39.3657
21.878
31.2099
56.0422
42.6892
45.9751
34.2111
36.1973
38.8395
34.1493
29.435
25.7481
47.7571
26.3936
40.2902
36.4194
34.4741
20.9458
25.6065
37.6894
42.1249
45.1284
26.7224
57.4367
63.2169
31.6364
30.4488
19.8798
31.6771
28.6176
25.8441
43.1674
40.7794
38.4919
21.0869
42.5482
57.1489
48.2734
62.6092
21.1636
36.1589
33.2016
24.076
31.7791
39.3824
37.8448
24.451
33.7704
27.0156
74.4992
57.4108
25.1587
31.7503
26.9512
41.0975
25.9671
27.1297
27.7728
42.2212
56.3302
29.2461
60.9535
32.4049
27.8097
36.7503
20.0869
47.4647
23.161
41.3516
64.3901
37.0433
31.6378
39.2809
50.5732
26.1482
35.8802
19.953
34.4478
48.3478
26.7318
27.5539
38.2497
52.0931
33.1206
40.7963
36.6623
52.1019
52.4646
25.3563
34.5071
25.463
25.1223
27.3565
32.6743
51.8559
31.7892
34.4277
35.4675
54.9129
31.6003
22.96
46.1245
32.6835
43.2476
33.986
26.9224
45.9792
27.5543
24.2492
32.0467
49.4901
49.9831
32.777
34.3275
27.8747
49.6899
47.398
24.3539
53.4649
35.088
35.0297
29.3281
18.3249
44.1511
39.2627
39.4765
36.1613
40.7382
37.6523
22.7696
42.8895
43.0432
64.1074
44.9166
15.4228
42.0564
27.6039
29.6313
37.7326
33.7521
46.5661
34.1428
29.4269
26.3323
52.168
42.7985
37.0387
31.8773
19.1277
48.7743
37.9873
29.3787
44.926
32.464
30.3758
29.5546
36.697
36.5446
55.2535
37.4696
37.6492
71.2713
31.694
29.8977
29.5218
35.6729
43.5397
39.3854
35.6974
26.5549
41.4348
22.7583
27.0045
45.9766
44.9315
70.9667
29.7016
38.2858
51.5049
40.7031
23.4281
29.9231
32.8392
38.4024
69.772
21.6184
26.864
45.4178
37.5973
41.3346
32.5104
38.0046
43.6946
47.8971
28.2718
62.0892
45.983
31.0284
31.2841
20.5408
44.2982
52.2302
27.3157
41.5169
42.8218
49.9593
28.9274
51.757
34.6687
24.0594
33.7855
26.1165
52.0542
30.2418
24.8556
64.0859
43.1129
45.007
42.1756
27.9575
44.3522
34.0469
36.7136
30.3682
50.958
20.9828
33.7554
57.8514
26.5001
33.5093
30.1063
34.9441
52.1766
42.2293
35.2559
39.8705
45.2823
23.0125
36.183
53.702
35.512
47.2165
25.6284
29.8916
34.2006
20.0775
54.6167
59.6981
48.159
48.3979
17.8323
43.053
45.419
36.4855
27.6381
37.4184
48.005
23.0542
40.9357
28.3393
48.5977
51.8391
32.3938
70.3636
82.4738
28.1968
21.5513
25.661
32.4564
33.9352
44.4404
30.3399
56.3543
52.3297
24.9661
29.0275
38.9668
45.9695
30.6467
57.6086
44.1016
62.3573
32.6628
18.6603
56.9684
45.8932
66.2473
34.5299
33.1133
48.8138
37.6315
36.4352
33.1558
37.6208
26.7861
31.5819
28.9308
41.8252
73.0037
41.9679
59.9499
49.4034
41.9731
50.2025
18.2813
34.7854
42.8419
26.5559
44.7772
49.5196
63.055
41.2841
55.5485
33.7099
37.2792
34.6824
20.393
55.2821
40.6262
38.0376
42.5255
46.1621
66.8483
41.7722
26.3149
24.947
37.049
50.5372
36.7387
38.3598
29.1043
49.3723
38.454
28.5353
67.8557
60.8716
55.8917
39.297
22.3764
29.2087
43.5577
57.6981
33.903
72.9349
36.9312
27.3195
30.5257
34.82
55.7369
36.8295
28.2873
25.972
42.2865
70.9083
32.4739
36.882
26.7592
42.5674
69.1386
31.8266
35.0747
29.361
32.1658
44.3063
34.0725
59.4533
61.4784
34.3561
28.7492
42.6026
64.8652
37.6026
46.687
20.5113
28.7791
68.4388
31.1439
42.2217
50.1026
50.9295
23.6639
40.6146
34.5799
35.6516
31.0917
52.9302
57.7477
53.4755
48.2156
19.7686
55.9793
44.3188
38.6413
39.3499
25.0744
46.7741
34.8117
37.7668
48.2128
50.2404
43.8966
40.5538
36.0139
29.9298
54.2772
30.8668
28.1143
71.4655
26.9014
50.7946
45.4703
47.6821
47.7849
28.9002
38.3503
35.3088
29.7163
31.8923
49.6436
58.4907
42.3429
46.4219
29.8046
63.0698
65.1188
29.2979
42.303
28.2449
40.1522
40.4633
34.663
59.2348
39.8175
29.3082
23.0824
43.6376
59.9209
43.0854
61.4812
30.3224
61.1076
43.8416
24.2751
51.401
27.0525
24.4496
61.3866
38.9735
46.3772
37.967
40.7015
71.9294
56.8256
36.6941
23.1925
21.1649
33.4972
30.4166
45.3974
50.9579
80.8538
29.8336
33.9539
48.9937
23.3665
32.6751
46.711
37.6607
31.6822
27.125
39.475
48.8017
103.796
33.2662
24.7207
45.6823
41.3321
55.1793
33.3042
24.9715
44.203
26.9746
35.2605
33.9672
39.1146
46.8826
42.4179
44.0494
53.5903
80.7774
22.5856
30.6463
27.1573
33.6184
61.9311
29.5078
32.533
33.9856
55.27
27.1492
47.1209
55.8712
53.0227
40.4819
34.4501
37.7813
33.4773
40.1564
21.736
32.3706
56.2354
29.0753
45.5245
33.8491
66.3584
67.5323
38.587
24.3397
24.5828
37.6283
40.7752
47.9305
31.906
24.78
72.2801
40.6061
50.8677
35.3904
34.8328
50.4552
24.5678
37.9555
31.0661
50.9757
23.9709
49.2895
57.0567
29.9367
41.5402
26.8092
59.2291
61.3615
30.6322
44.659
42.5314
37.7538
19.6115
27.5827
56.8354
42.6632
52.7616
26.9569
50.9677
46.6375
22.4141
49.5332
35.0941
64.3525
52.5414
25.21
29.9905
30.3607
32.2429
22.7734
77.9686
35.7774
32.593
32.5285
27.2745
74.9711
62.319
48.611
29.7148
22.4223
55.9583
43.7052
30.0328
23.3027
38.007
58.3582
37.569
46.6796
28.6173
32.6859
33.6437
22.5437
71.5779
56.5628
53.4564
40.9882
35.2472
33.4691
33.6409
30.5334
21.623
74.4702
30.6357
45.5262
43.2487
42.2599
37.9604
32.4918
48.1086
36.1603
54.1517
30.1031
48.3426
41.2738
22.2691
42.8997
42.8562
54.5297
34.7986
28.9881
50.5272
47.4666
47.7894
35.4492
53.4729
47.8293
29.3814
48.5484
29.135
38.3629
28.3764
32.9462
80.5144
51.1236
44.8764
37.9518
40.0464
33.4896
28.112
29.3396
33.5234
86.9195
45.0084
37.711
44.0255
29.1902
44.414
34.5762
32.1496
53.4531
57.6623
37.4131
32.9866
39.5906
36.9325
53.8702
37.8563
44.788
68.3865
22.9372
25.5699
27.5037
55.9121
98.2596
41.8129
43.6299
39.7558
39.014
38.5124
31.5117
34.8129
32.826
55.3485
28.9616
43.1621
47.6406
46.2937
35.9489
59.2064
71.1327
38.0845
41.3821
25.8721
40.7664
39.1141
34.9789
33.4154
55.3575
64.8811
30.9339
67.5384
43.9699
46.9051
47.7184
36.654
58.3752
43.0738
30.5372
36.676
37.1085
36.9448
33.4838
66.865
49.799
71.8087
57.1009
32.7573
66.0013
37.8307
27.9352
56.7393
39.7883
43.3216
34.631
36.8267
42.9222
39.8318
40.1662
36.2284
63.9483
36.8487
47.9998
75.8296
51.8816
71.4188
30.9585
44.1065
51.4163
39.1363
25.0923
27.5531
51.8027
41.8172
49.7709
58.2291
90.8591
64.4662
29.6591
38.8875
26.7598
43.293
47.0522
30.4791
55.7065
39.2255
37.1608
34.3474
56.7291
67.5968
49.7265
45.4267
22.2369
62.9815
52.2875
59.2103
43.8722
21.2305
53.9229
52.5651
58.7439
27.3755
41.9192
48.3728
38.8758
49.9727
32.016
65.6398
68.1947
39.2037
52.521
55.4598
42.0135
24.1124
24.6212
40.5326
47.4017
51.4178
39.905
82.1339
57.1277
31.1859
40.3709
29.3987
48.7566
40.5681
37.2458
55.1354
57.178
39.3493
25.4394
35.7692
40.1536
41.9769
43.8177
34.3884
86.9988
43.8187
33.9113
55.3381
25.696
42.709
38.6011
42.6836
44.6841
38.5203
39.2535
44.1626
56.7922
39.7396
72.413
51.775
38.5722
22.1684
35.3732
59.1753
56.2754
70.3214
29.6616
28.4512
65.2706
49.0071
55.7404
39.9755
45.8714
46.6182
41.391
35.2962
38.1962
57.9717
33.5617
47.3526
47.6627
49.7637
103.091
35.0273
23.876
39.2169
33.7487
75.6817
58.4255
45.8019
52.2517
47.7399
39.7147
38.9008
47.4769
54.1819
58.4907
27.6897
32.8956
59.317
44.3804
55.6921
36.7271
38.2327
47.1382
38.0518
55.812
52.9624
68.2735
39.6235
52.7455
69.9931
40.5986
38.7527
29.8789
40.075
77.7899
35.858
41.4646
39.9606
33.5338
38.2306
57.406
86.2787
64.8641
63.2831
27.0466
44.0155
55.9158
32.9261
37.7841
29.9118
55.1383
62.2095
50.151
36.4754
51.3197
68.245
33.9621
46.9022
50.9047
45.2614
45.2886
28.3274
46.571
50.6333
51.6517
36.157
62.263
58.4324
33.5917
52.9332
37.2809
49.3995
39.4461
28.3218
69.0899
52.1567
49.1962
47.5213
52.3495
49.9513
38.8867
39.4107
24.5882
47.698
36.1221
32.4715
91.7894
43.6793
50.78
56.8481
50.648
62.0218
26.2044
34.5418
42.6227
46.5454
35.5237
30.7716
41.0568
74.245
92.4409
47.7872
28.2561
36.7467
26.6668
67.8722
67.9159
32.9264
76.556
35.1615
36.287
82.614
53.6304
74.2826
51.522
28.8538
61.3128
45.9903
41.2862
36.5492
48.3407
38.87
48.5699
48.724
40.1604
114.761
41.4292
46.3567
61.6081
44.2452
51.5499
54.5575
63.9814
51.3572
58.28
30.9354
52.6882
59.7034
28.7304
72.1355
56.5802
60.1847
33.666
50.9871
55.5574
66.7146
74.6107
46.0837
67.4942
49.3595
43.8161
32.3823
40.5527
36.7248
39.5053
63.2372
49.6612
82.9321
47.2566
60.8105
100.066
52.4494
52.3415
46.7515
46.2437
28.5969
54.607
51.4502
59.7641
66.0277
29.0168
59.6003
61.1124
81.8442
55.7212
40.0259
47.0239
56.7888
68.7584
33.3636
77.1834
70.0678
36.5968
45.9101
26.48
73.408
90.2258
57.3937
75.2653
59.2213
76.9273
44.4699
22.1248
64.08
69.3954
75.0725
48.0598
78.8745
44.4896
42.0553
58.1721
38.0534
75.144
40.8447
38.7258
46.9412
62.4502
51.0269
47.6663
69.9698
46.0689
56.0442
35.0839
46.0603
63.4925
42.6473
48.9903
52.3393
69.7373
51.8448
50.4971
35.9639
43.1918
88.8426
40.3089
69.216
72.2714
63.0875
44.0966
41.5092
59.228
45.8657
43.5066
33.4141
49.3481
95.0816
45.6286
46.0611
40.9697
40.7192
97.476
53.6549
59.4764
58.1605
53.5252
46.5765
43.2645
59.6682
86.958
73.6759
39.1602
39.3034
72.5221
59.1716
73.0506
31.6072
34.2634
92.8361
59.691
68.2085
47.2134
43.8796
45.2566
59.1068
36.5532
43.8559
94.4684
44.7831
74.4427
75.8081
59.7754
41.4479
37.0432
72.8949
80.3314
72.8365
32.9676
36.962
61.2337
55.4825
86.185
57.4556
90.6644
89.2971
34.1743
60.299
54.0811
85.2261
87.0938
47.7399
30.9856
48.6973
79.542
57.2008
55.4504
57.8458
86.6833
100.215
45.1437
102.5
65.3911
54.8542
52.403
33.1018
68.3149
66.5417
45.787
86.5167
61.1133
58.4377
51.2152
55.6361
58.7483
65.5391
59.3293
51.1291
100.768
35.8508
62.9758
68.7417
61.989
59.4265
40.0715
63.4198
58.2478
63.3909
59.9505
69.9502
100.648
37.6183
68.4117
49.0696
58.0653
52.98
49.9189
95.8134
99.1917
71.638
66.908
88.8043
61.8748
26.9358
63.1286
64.9962
82.4891
53.1218
52.5083
65.147
84.5163
98.6742
49.0748
91.718
68.5902
52.7099
34.9398
63.3276
69.0942
37.0758
86.9071
85.066
121.551
97.7701
38.9512
76.7811
62.3544
64.0427
66.1643
45.6659
64.3215
51.3953
49.3264
81.1582
96.2625
88.3599
58.9715
68.0432
53.58
85.9604
47.1557
34.6664
77.1109
60.2576
73.2681
62.5554
63.5515
90.2397
55.5446
46.5279
47.6223
67.8757
69.417
64.6829
65.8118
43.1492
95.3867
51.1065
52.2836
74.9188
60.8754
56.1082
68.5229
109.639
55.305
65.5731
47.5868
65.202
151.063
50.1028
43.1007
59.8259
47.9459
143.962
92.6954
69.3386
61.3844
71.2518
60.6263
48.242
61.5224
51.4316
83.1325
80.4319
60.8395
158.702
61.9986
51.7699
83.1465
47.8206
84.9958
43.6824
65.5502
142.14
59.8443
64.0965
60.3503
59.0642
74.5902
97.6914
84.7115
63.6208
100.186
39.2381
81.759
90.1213
68.6592
60.3941
51.9879
85.3437
78.247
60.9851
50.9471
99.2266
111.729
54.2301
77.5755
48.3398
76.554
100.029
55.2508
116.485
104.53
85.921
50.0551
71.3501
72.1305
47.7733
74.2595
52.7564
101.716
195.121
53.8958
59.7412
55.0933
58.1073
40.8393
73.4745
96.4039
211.069
93.0672
52.6193
69.2761
48.8831
77.6968
63.4489
60.1447
83.016
118.692
90.8049
85.2958
118.965
49.5384
56.7012
71.0875
79.1319
156.65
76.0858
103.656
118.235
72.6755
41.9188
79.5888
124.864
77.3614
113.542
72.879
79.5874
99.1359
62.2327
85.1678
119.265
114.294
50.8556
104.872
100.434
92.1147
85.681
40.7685
96.2637
87.2731
85.6327
79.4769
76.0131
96.777
98.5364
107.277
85.7462
130.043
73.4461
43.537
116.002
88.4738
116.529
61.177
54.7099
78.3721
99.5291
128.173
77.8396
61.4071
61.2468
89.8588
104.495
94.1337
168.667
44.7433
61.3529
84.9585
86.9181
125.723
64.3033
83.9509
79.9373
89.3358
52.4906
66.5989
142.917
102.391
127.089
80.652
75.4801
127.922
61.1821
73.4023
87.1016
98.2268
82.3733
58.8186
77.7154
104.69
130.576
102.908
68.0423
93.7909
96.4198
101.126
118.837
70.8444
88.8981
49.327
73.4005
115.502
156.09
70.007
86.615
62.759
81.2035
201.442
88.3189
98.6396
149.331
72.6707
116.707
66.0773
91.9172
85.0299
65.2032
75.1295
134.154
111.052
52.9809
98.067
114.977
133.649
185.168
64.8518
137.078
152.634
73.3081
99.0876
59.0478
110.914
139.015
74.191
91.8219
98.8772
129.201
68.6845
93.6761
94.561
101.559
104.236
51.0246
138.771
172.565
148.892
67.5327
73.4149
96.7418
74.3736
139.557
88.0085
131.578
143.396
63.3414
161.8
137.17
181.585
114.505
49.3902
95.0002
110.218
97.9675
78.5782
190.471
149.642
106.681
125.699
56.6927
151.492
153.316
100.809
133.858
123.649
122.269
54.5542
83.1823
92.9251
189.196
165.001
85.8066
126.504
95.867
157.87
176.228
99.8892
135.758
117.862
96.268
61.0223
78.5301
122.214
162.622
109.525
69.0363
181.441
115.737
132.535
163.903
91.3585
152.556
97.1059
98.9733
100.027
93.61
83.3084
90.6863
187.394
109.651
129.042
98.5737
116.325
189.261
89.446
100.248
107.128
117.887
92.2911
121.673
160.708
88.0127
134.052
94.3305
94.0804
153.534
63.8146
141.027
131.229
151.791
109.38
139.138
195.445
101.556
138.273
77.9044
168.367
140.901
88.2841
128.347
142.553
142.498
86.8109
123.701
147.082
201.397
126.849
73.0746
172.59
136.035
128.499
163.02
122.905
150.079
138.545
141.72
125.21
167.854
61.2774
161.261
149.642
125.102
145.018
142.043
194.858
123.419
77.0097
148.257
188.349
222.972
124.621
123.315
99.2653
132.449
144.702
91.5156
266.527
270.687
141.106
121.391
86.9304
99.0614
98.8647
152.723
164.119
284.113
195.852
75.6741
184.07
167.406
193.806
215.004
96.4577
201.517
119.425
120.818
160.804
151.491
121.452
114.027
140.967
121.027
276.833
119.271
152.609
261.897
145.536
154.095
146.267
153.516
129.337
162.435
102.268
112.269
377.055
157.939
98.7025
167.131
142.81
305.229
223.819
123.331
97.7963
158.07
242.149
177.454
218.155
157.171
208.36
181.862
99.0966
238.883
184.388
114.582
190.282
127.933
288.751
357.785
135.656
231.464
175.124
181.69
144.895
134.875
166.429
218.053
209.16
182.078
376.603
158.787
172.817
183.553
177.572
146.184
148.723
179.279
199.421
415.134
110.696
175.596
201.468
192.026
270.776
165.881
270.789
299.671
225.079
