-5.90761e-07
-1.06066e-06
-1.1951e-06
-1.3969e-06
-1.56332e-06
-1.70551e-06
-1.8236e-06
-1.91824e-06
-1.9977e-06
-2.06018e-06
-2.10633e-06
-2.13656e-06
-2.15108e-06
-2.14999e-06
-2.13659e-06
-2.1039e-06
-2.05239e-06
-1.98818e-06
-1.90781e-06
-2.58463e-06
-2.37185e-06
-1.26897e-06
2.9787e-07
1.40566e-06
1.37791e-06
1.29486e-06
1.34324e-06
1.72376e-06
2.1218e-06
2.18332e-06
2.19629e-06
2.19789e-06
2.19069e-06
2.17583e-06
2.19035e-06
2.2775e-06
2.4065e-06
2.54335e-06
2.69043e-06
2.84158e-06
3.00657e-06
3.18372e-06
3.37243e-06
3.57193e-06
3.7794e-06
4.00874e-06
4.25126e-06
4.50621e-06
4.78274e-06
5.07829e-06
5.38425e-06
5.71053e-06
6.06875e-06
6.4459e-06
6.7329e-06
6.80214e-06
6.75893e-06
6.69207e-06
6.60177e-06
6.51541e-06
6.4128e-06
6.29573e-06
6.18699e-06
6.05985e-06
5.93293e-06
5.81041e-06
5.67585e-06
5.55032e-06
5.41079e-06
5.28585e-06
5.15206e-06
5.0243e-06
4.8998e-06
4.76425e-06
4.71415e-06
4.80898e-06
4.98763e-06
5.17661e-06
5.36113e-06
5.56357e-06
5.76725e-06
5.98593e-06
6.12514e-06
6.06928e-06
5.91763e-06
5.77963e-06
5.63821e-06
5.50301e-06
5.35341e-06
5.21988e-06
5.16641e-06
5.30001e-06
5.55035e-06
5.82747e-06
6.10516e-06
6.41414e-06
6.73696e-06
7.07015e-06
7.42752e-06
7.81387e-06
8.21878e-06
8.64471e-06
8.91061e-06
8.81756e-06
8.49772e-06
8.21233e-06
7.9206e-06
7.63189e-06
7.36913e-06
7.0991e-06
6.82762e-06
6.57411e-06
6.32948e-06
6.07867e-06
5.96133e-06
6.07778e-06
6.28758e-06
6.49985e-06
6.73296e-06
6.96431e-06
7.21286e-06
7.46499e-06
7.73457e-06
8.00954e-06
8.289e-06
8.59078e-06
8.90943e-06
9.23173e-06
9.57951e-06
9.93917e-06
1.03155e-05
1.07108e-05
1.11189e-05
1.15591e-05
1.20026e-05
1.24713e-05
1.29802e-05
1.35077e-05
1.4067e-05
1.46349e-05
1.52534e-05
1.58837e-05
1.65418e-05
1.7263e-05
1.80005e-05
1.88107e-05
1.96288e-05
2.0533e-05
2.14678e-05
2.244e-05
2.34782e-05
2.45614e-05
2.57497e-05
2.69811e-05
2.82297e-05
2.96447e-05
3.11037e-05
3.26128e-05
3.42814e-05
3.59681e-05
3.78278e-05
3.97367e-05
4.17989e-05
4.39667e-05
4.6315e-05
4.87568e-05
5.13326e-05
5.41484e-05
5.70656e-05
6.01503e-05
6.34898e-05
6.69447e-05
7.06941e-05
7.46086e-05
7.87749e-05
8.32388e-05
8.79074e-05
9.28711e-05
9.81854e-05
0.000103854
0.000109821
0.000115957
0.000122785
0.000129881
0.00013736
0.000145196
0.000153811
0.000162607
0.000172083
0.000182013
0.000192413
0.000203665
0.000215386
0.000227824
0.000240445
0.000254106
0.000268553
0.000283941
0.00029955
0.000315984
0.000333013
0.00035065
0.000369472
0.000387859
0.00040735
0.000427192
0.000447006
0.000467074
0.0004871
0.000506816
0.000526978
0.000545449
0.000562815
0.000577547
0.0005915
0.00060314
0.000611343
0.000616112
0.000616659
0.000615542
0.0006087
0.000598126
0.000582838
0.000568135
0.000550558
0.00053226
0.000520625
0.000516277
0.000521603
0.000543554
0.000582155
0.000640362
0.000722757
0.000820373
0.000934885
0.00105682
0.00117746
0.00128648
0.00138504
0.00146386
0.00151334
0.00152827
0.0014866
0.00136374
0.00113108
0.000767032
0.000313761
-6.9125e-06
-8.30101e-06
-8.24146e-06
-8.77727e-06
-9.11889e-06
-9.34901e-06
-9.47455e-06
-9.51384e-06
-9.51025e-06
-9.45756e-06
-9.3616e-06
-9.22651e-06
-9.05524e-06
-8.84996e-06
-8.62556e-06
-8.3543e-06
-8.04163e-06
-7.71197e-06
-7.35273e-06
-9.96335e-06
-9.67551e-06
-6.76437e-06
-2.84244e-06
-2.42722e-08
-2.37925e-08
-2.23582e-08
-2.31932e-08
-2.96297e-08
-3.97402e-08
-3.98252e-08
-3.90291e-08
-3.81004e-08
-3.70868e-08
-3.60096e-08
-3.54702e-08
-3.81397e-08
-3.94064e-08
-4.06265e-08
-4.18067e-08
-4.28949e-08
-4.92486e-08
-5.0365e-08
-5.12806e-08
-5.19138e-08
-5.56435e-08
-5.57576e-08
-6.29808e-08
-6.23565e-08
-6.95587e-08
-7.2255e-08
-7.91802e-08
-7.55318e-08
-8.10415e-08
-9.15245e-08
-8.79801e-08
-8.83062e-08
-8.73158e-08
-7.9295e-08
-7.88507e-08
-8.57337e-08
-8.57857e-08
-8.61571e-08
-8.0189e-08
-8.12931e-08
-6.99027e-08
-6.55744e-08
-6.78647e-08
-7.0336e-08
-6.71701e-08
-5.88082e-08
-6.21177e-08
-6.5477e-08
-5.84752e-08
-5.71162e-08
-5.19493e-08
-5.69946e-08
-5.8438e-08
-5.49874e-08
-6.02483e-08
-6.53377e-08
-6.51123e-08
-6.9481e-08
-7.29614e-08
-6.85743e-08
-7.00193e-08
-6.5624e-08
-5.58416e-08
-5.85576e-08
-6.14288e-08
-5.89146e-08
-5.22735e-08
-5.66715e-08
-6.19657e-08
-6.2002e-08
-6.62693e-08
-6.9877e-08
-6.68509e-08
-7.41171e-08
-7.41257e-08
-7.88512e-08
-8.88132e-08
-8.97793e-08
-8.78577e-08
-8.40607e-08
-9.00444e-08
-7.01986e-08
-7.08188e-08
-6.44237e-08
-6.79079e-08
-6.45238e-08
-6.24212e-08
-5.4229e-08
-5.4424e-08
-5.53541e-08
-5.11245e-08
-5.3849e-08
-5.13406e-08
-5.36283e-08
-5.52102e-08
-6.21191e-08
-6.20917e-08
-6.74843e-08
-5.82784e-08
-6.81971e-08
-6.98859e-08
-6.98859e-08
-6.78569e-08
-7.15908e-08
-8.15214e-08
-7.17557e-08
-7.62947e-08
-7.75605e-08
-8.46953e-08
-7.75393e-08
-8.58784e-08
-1.00125e-07
-8.56862e-08
-8.64824e-08
-9.11503e-08
-8.63643e-08
-1.1064e-07
-9.58142e-08
-1.0924e-07
-1.06951e-07
-1.01208e-07
-1.2313e-07
-1.03828e-07
-1.08262e-07
-9.83676e-08
-1.08392e-07
-9.48484e-08
-1.15547e-07
-9.99841e-08
-1.08558e-07
-1.11502e-07
-9.82607e-08
-1.11027e-07
-8.20455e-08
-1.1293e-07
-6.45646e-08
-7.36506e-08
-8.86439e-08
-4.1867e-08
-4.75246e-08
1.10723e-08
-2.59851e-08
2.30022e-08
-3.42015e-09
6.85827e-08
1.3449e-07
1.35202e-07
1.98448e-07
2.40018e-07
1.80106e-07
2.31141e-07
2.34353e-07
4.28649e-07
3.87582e-07
5.35146e-07
6.03334e-07
7.36633e-07
8.79714e-07
9.61683e-07
1.01613e-06
1.2414e-06
1.38784e-06
1.78559e-06
1.749e-06
2.00851e-06
2.48831e-06
2.6256e-06
3.1935e-06
3.57479e-06
4.15237e-06
4.71227e-06
5.32915e-06
6.07285e-06
7.1923e-06
7.91639e-06
9.41418e-06
1.05345e-05
1.21811e-05
1.43084e-05
1.65497e-05
1.89158e-05
2.14096e-05
2.45894e-05
2.81967e-05
3.2453e-05
3.75784e-05
4.26888e-05
4.939e-05
5.6578e-05
6.49861e-05
7.35554e-05
8.38521e-05
9.6589e-05
0.00010736
0.000121893
0.000136868
0.000152787
0.000171675
0.000191278
0.000212515
0.000238328
0.000265746
0.000300933
0.000342437
0.000395449
0.000459901
0.00054573
0.000651121
0.000778473
0.000921804
0.00107406
0.0012121
0.00131435
0.00134816
0.00128958
0.00112511
0.000889776
0.000641505
0.000451374
0.000380502
0.000398804
0.00039196
0.000268399
-1.5043e-06
-2.70457e-06
-3.0499e-06
-3.56858e-06
-3.99871e-06
-4.36889e-06
-4.67952e-06
-4.93228e-06
-5.14847e-06
-5.32705e-06
-5.46993e-06
-5.57838e-06
-5.65321e-06
-5.69486e-06
-5.71237e-06
-5.68781e-06
-5.62152e-06
-5.53075e-06
-5.40636e-06
-7.49819e-06
-7.78274e-06
-5.78465e-06
-2.64849e-06
-3.8808e-07
-3.80418e-07
-3.57491e-07
-3.70846e-07
-4.75767e-07
-5.8519e-07
-6.02331e-07
-6.09825e-07
-6.09642e-07
-6.0701e-07
-6.02265e-07
-6.05654e-07
-6.29059e-07
-6.67867e-07
-7.0486e-07
-7.44448e-07
-7.91132e-07
-8.35389e-07
-8.82607e-07
-9.32525e-07
-9.90791e-07
-1.04696e-06
-1.11309e-06
-1.18264e-06
-1.24891e-06
-1.32652e-06
-1.40855e-06
-1.49522e-06
-1.58636e-06
-1.69165e-06
-1.78108e-06
-1.86807e-06
-1.89582e-06
-1.8746e-06
-1.86311e-06
-1.84762e-06
-1.80326e-06
-1.78338e-06
-1.74931e-06
-1.7143e-06
-1.67892e-06
-1.65421e-06
-1.61746e-06
-1.57047e-06
-1.5455e-06
-1.50945e-06
-1.47446e-06
-1.4392e-06
-1.39443e-06
-1.36117e-06
-1.32824e-06
-1.3158e-06
-1.34456e-06
-1.38683e-06
-1.43929e-06
-1.49269e-06
-1.5475e-06
-1.61422e-06
-1.66364e-06
-1.70928e-06
-1.69379e-06
-1.65228e-06
-1.61154e-06
-1.57237e-06
-1.5338e-06
-1.49526e-06
-1.44796e-06
-1.43316e-06
-1.47936e-06
-1.55052e-06
-1.62518e-06
-1.70164e-06
-1.79206e-06
-1.87614e-06
-1.9735e-06
-2.07568e-06
-2.16902e-06
-2.2909e-06
-2.41797e-06
-2.48255e-06
-2.46424e-06
-2.37647e-06
-2.29293e-06
-2.21321e-06
-2.13665e-06
-2.06433e-06
-1.97982e-06
-1.91354e-06
-1.83764e-06
-1.764e-06
-1.69437e-06
-1.67275e-06
-1.70176e-06
-1.7574e-06
-1.8248e-06
-1.89376e-06
-1.9534e-06
-2.02583e-06
-2.08749e-06
-2.17477e-06
-2.25125e-06
-2.32874e-06
-2.40739e-06
-2.50187e-06
-2.59684e-06
-2.69281e-06
-2.8066e-06
-2.90415e-06
-3.01844e-06
-3.1332e-06
-3.2658e-06
-3.39827e-06
-3.52929e-06
-3.65745e-06
-3.82591e-06
-3.96805e-06
-4.15199e-06
-4.33026e-06
-4.52662e-06
-4.71345e-06
-4.91513e-06
-5.13e-06
-5.35646e-06
-5.62504e-06
-5.8683e-06
-6.14747e-06
-6.42461e-06
-6.7316e-06
-7.06288e-06
-7.41283e-06
-7.77316e-06
-8.17799e-06
-8.56955e-06
-9.0319e-06
-9.44545e-06
-9.9497e-06
-1.04705e-05
-1.10402e-05
-1.16264e-05
-1.21859e-05
-1.28821e-05
-1.35954e-05
-1.43354e-05
-1.5105e-05
-1.59863e-05
-1.68751e-05
-1.77288e-05
-1.87977e-05
-1.98015e-05
-2.09666e-05
-2.21595e-05
-2.34477e-05
-2.47249e-05
-2.6108e-05
-2.76792e-05
-2.9295e-05
-3.08662e-05
-3.27326e-05
-3.46032e-05
-3.67912e-05
-3.88478e-05
-4.09282e-05
-4.32294e-05
-4.56863e-05
-4.84071e-05
-5.10838e-05
-5.40695e-05
-5.68564e-05
-5.98251e-05
-6.29315e-05
-6.58737e-05
-6.95356e-05
-7.30662e-05
-7.6466e-05
-8.01098e-05
-8.30088e-05
-8.65829e-05
-8.96273e-05
-9.21115e-05
-9.51359e-05
-9.69064e-05
-9.89404e-05
-9.95945e-05
-0.000100046
-9.9458e-05
-9.68537e-05
-9.29081e-05
-8.56585e-05
-7.72562e-05
-6.67903e-05
-5.06438e-05
-3.14611e-05
-9.69136e-06
1.94041e-05
5.25028e-05
9.33898e-05
0.000140211
0.000193461
0.000254338
0.000320544
0.000392399
0.000468273
0.000548596
0.000624014
0.000697233
0.000766382
0.000821751
0.000869372
0.00089729
0.000914323
0.000912878
0.000897148
0.000864977
0.000821561
0.000763237
0.000676656
0.000558962
0.000416118
0.000249455
9.55312e-05
-1.86623e-05
-5.75399e-05
-2.11713e-05
0.000106513
-2.95255e-07
-5.0863e-07
-5.55631e-07
-6.22735e-07
-6.59198e-07
-6.68636e-07
-6.49535e-07
-6.02175e-07
-5.27933e-07
-4.25019e-07
-2.92503e-07
-1.29356e-07
6.55157e-08
2.93252e-07
5.55952e-07
8.55459e-07
1.18785e-06
1.55929e-06
1.9697e-06
3.49748e-06
-2.64791e-05
-1.80979e-05
-7.26216e-06
5.3015e-07
5.19685e-07
4.88366e-07
5.06611e-07
6.49386e-07
8.00483e-07
8.25866e-07
8.31912e-07
8.29456e-07
8.27803e-07
8.23207e-07
8.2968e-07
8.6374e-07
9.13877e-07
9.63329e-07
1.02068e-06
1.07764e-06
1.14245e-06
1.20748e-06
1.27692e-06
1.35609e-06
1.43608e-06
1.52207e-06
1.61354e-06
1.71207e-06
1.81811e-06
1.93256e-06
2.04812e-06
2.18171e-06
2.3071e-06
2.46291e-06
2.56771e-06
2.60102e-06
2.57217e-06
2.54939e-06
2.51985e-06
2.48517e-06
2.44644e-06
2.4042e-06
2.35884e-06
2.31121e-06
2.26024e-06
2.20782e-06
2.16582e-06
2.12129e-06
2.06543e-06
2.01973e-06
1.97225e-06
1.91492e-06
1.86774e-06
1.82005e-06
1.80086e-06
1.83192e-06
1.90099e-06
1.97475e-06
2.04341e-06
2.12404e-06
2.20178e-06
2.28412e-06
2.34389e-06
2.31207e-06
2.26496e-06
2.20613e-06
2.14805e-06
2.09951e-06
2.04935e-06
1.99029e-06
1.97133e-06
2.02646e-06
2.12139e-06
2.2236e-06
2.33136e-06
2.4484e-06
2.56501e-06
2.70004e-06
2.83685e-06
2.98508e-06
3.13493e-06
3.29964e-06
3.40108e-06
3.37417e-06
3.25197e-06
3.14408e-06
3.03427e-06
2.92276e-06
2.81215e-06
2.71386e-06
2.60288e-06
2.51934e-06
2.40975e-06
2.31459e-06
2.28045e-06
2.32228e-06
2.40307e-06
2.47858e-06
2.57863e-06
2.66426e-06
2.75541e-06
2.86366e-06
2.95529e-06
3.06569e-06
3.17131e-06
3.29839e-06
3.42272e-06
3.54171e-06
3.67101e-06
3.81312e-06
3.95171e-06
4.11973e-06
4.27114e-06
4.43813e-06
4.60584e-06
4.79319e-06
4.9837e-06
5.17846e-06
5.42141e-06
5.63076e-06
5.87284e-06
6.12972e-06
6.37966e-06
6.67674e-06
6.9736e-06
7.27375e-06
7.61254e-06
7.9361e-06
8.31162e-06
8.68529e-06
9.10074e-06
9.53209e-06
9.99409e-06
1.05036e-05
1.09924e-05
1.15214e-05
1.21179e-05
1.27644e-05
1.33903e-05
1.40841e-05
1.48378e-05
1.55823e-05
1.63763e-05
1.72944e-05
1.8219e-05
1.91739e-05
2.02763e-05
2.13472e-05
2.26341e-05
2.38e-05
2.51495e-05
2.65715e-05
2.8178e-05
2.96885e-05
3.14201e-05
3.33108e-05
3.5215e-05
3.73276e-05
3.95393e-05
4.18335e-05
4.43433e-05
4.70367e-05
4.99032e-05
5.29679e-05
5.61385e-05
5.94201e-05
6.30114e-05
6.7161e-05
7.11499e-05
7.56757e-05
8.03211e-05
8.52883e-05
9.07074e-05
9.67214e-05
0.000102549
0.000109332
0.00011614
0.000123397
0.000131209
0.000140203
0.000149455
0.000159537
0.000169843
0.000181242
0.000193644
0.000207094
0.000221086
0.000236779
0.000253762
0.000271986
0.000292634
0.000314921
0.000339309
0.000364886
0.000394436
0.00042794
0.00046433
0.000506009
0.000550529
0.00060202
0.000658432
0.000721076
0.00078964
0.000862474
0.000942593
0.00102186
0.00110487
0.00118412
0.00125415
0.0013063
0.00133476
0.00132769
0.00128247
0.00118921
0.00106689
0.000914085
0.000765941
0.000653545
0.000590865
0.000598321
0.000639733
0.00065779
0.000575658
0.000340134
9.19121e-06
-0.000235858
-0.000127036
2.14715e-07
4.3575e-07
5.33512e-07
6.8814e-07
8.60775e-07
1.05989e-06
1.28899e-06
1.54816e-06
-1.15412e-05
-1.1876e-05
-1.21291e-05
-1.23031e-05