-2.78676e-07
-2.23532e-06
-6.20595e-06
-1.00421e-05
-5.67163e-06
-4.11053e-08
-4.39654e-06
3.98739e-06
1.12219e-06
9.73469e-06
2.13837e-06
6.27462e-06
1.0356e-05
4.86766e-06
1.95499e-07
-2.89466e-06
-6.41215e-06
-5.14678e-06
-2.43665e-06
-1.53613e-06
-2.9354e-06
2.50599e-06
8.63106e-07
-1.60776e-07
-1.54512e-07
-1.51916e-07
-1.51632e-07
-2.77044e-07
-3.98722e-07
-9.66502e-07
-5.11623e-07
-5.08942e-07
-3.98029e-07
1.01393e-07
3.84838e-07
1.52851e-07
-4.92139e-08
3.37894e-07
8.85681e-08
1.74681e-07
-2.66191e-07
-3.95922e-07
-1.43592e-07
-3.95733e-08
3.62018e-07
6.54653e-07
5.17728e-07
3.23005e-07
-2.30449e-07
-2.78663e-07
1.53577e-07
-1.15673e-07
5.03082e-07
5.79991e-07
-2.66342e-07
-1.09374e-06
2.9638e-07
2.05743e-06
-2.31607e-07
3.20917e-07
-1.23204e-06
9.00036e-07
3.23309e-07
8.49772e-07
-6.7733e-07
-1.94444e-07
2.17629e-07
-1.43763e-06
-7.99967e-07
5.09951e-07
5.39574e-07
-5.18701e-07
8.846e-07
-5.97057e-08
-4.29942e-07
1.77832e-08
-1.36835e-06
5.32399e-07
2.93919e-07
1.75404e-07
6.59063e-08
6.87022e-07
9.75803e-07
1.4746e-07
5.17742e-07
2.72898e-07
6.07578e-08
-8.36965e-07
-9.33305e-08
4.90866e-07
-1.23726e-06
-2.71848e-07
8.24809e-07
-5.89149e-07
4.06455e-07
-5.22014e-08
8.0292e-07
-8.37583e-07
-3.19129e-07
-1.51456e-06
9.43787e-07
-9.60368e-07
7.06776e-07
2.4423e-07
1.09771e-06
-6.14768e-07
8.0612e-07
-2.77953e-07
2.36052e-07
-8.55101e-08
4.37548e-07
1.44322e-06
-3.70488e-07
8.03602e-07
3.74178e-07
-7.59023e-08
-3.11177e-07
4.25123e-07
-7.67848e-07
2.23154e-07
-7.6194e-07
3.94345e-07
-3.17945e-07
5.87709e-07
-2.47873e-07
-3.45313e-07
-7.03657e-07
5.91492e-07
-3.92431e-07
7.44453e-07
-2.76794e-07
6.09404e-08
-2.73677e-09
1.12515e-06
2.34374e-07
-2.41304e-07
3.34274e-07
4.20358e-07
-2.26181e-08
-8.03414e-08
1.1284e-07
-4.26857e-07
1.13269e-07
-3.01604e-07
4.04801e-07
2.83892e-07
2.86596e-07
-2.01252e-07
-5.96858e-07
2.81885e-07
2.16831e-06
6.50651e-07
-7.64188e-07
-1.0197e-06
-1.0173e-07
-3.9e-07
7.55991e-08
1.35355e-06
5.05749e-07
7.70983e-07
-1.41443e-06
9.27023e-08
2.96864e-07
-1.89517e-07
-1.59692e-07
1.74282e-07
-1.61611e-07
4.86179e-07
-7.93427e-07
-1.10081e-07
1.26429e-06
-9.30635e-07
5.33853e-07
-3.57186e-07
8.6415e-08
1.00622e-07
9.75899e-08
1.89561e-07
-3.76626e-07
-4.07503e-07
6.01189e-07
-6.92832e-07
7.39611e-07
8.62063e-08
2.35521e-07
-4.97369e-07
4.86354e-08
3.56938e-08
8.12058e-08
2.19573e-07
-3.86257e-07
-1.21006e-07
6.06539e-07
-1.33663e-07
1.67303e-07
-3.16896e-07
-8.00363e-07
1.2699e-06
-4.61642e-07
8.32306e-08
1.8561e-07
-5.49499e-07
7.13528e-07
-3.11883e-07
2.85194e-07
1.01983e-07
-1.4424e-07
1.2517e-07
8.14438e-08
-4.07571e-07
1.9174e-07
2.93368e-07
-2.5882e-07
1.56318e-07
2.18831e-07
-1.55212e-07
-2.10027e-08
8.59918e-08
-2.74527e-07
6.76891e-08
-2.74124e-08
-1.07603e-07
-3.34399e-07
1.23507e-07
-1.99928e-07
-1.70422e-08
6.85055e-08
1.4153e-07
3.68667e-07
6.21438e-07
1.19873e-06
1.2138e-06
1.99744e-06
2.33234e-06
2.8459e-06
3.15324e-06
3.4714e-06
3.73682e-06
3.79823e-06
3.64828e-06
3.57531e-06
3.15357e-06
2.78504e-06
2.22255e-06
1.79102e-06
1.19915e-06
-1.18833e-09
-7.8039e-06
-7.28825e-06
-6.11704e-06
-3.67379e-06
7.69386e-07
2.63692e-06
1.72551e-06
1.0973e-06
1.16168e-06
2.27638e-06
4.84174e-06
5.97732e-06
2.60509e-06
1.10135e-06
2.87468e-06
9.09955e-06
1.03829e-05
-3.35159e-06
-1.22634e-05
-2.1553e-05
3.72804e-05
-2.42161e-05
-6.4311e-06
-8.93385e-07
-8.72291e-07
-8.24373e-07
-8.4868e-07
-5.26055e-07
-2.47324e-07
4.40373e-07
6.55839e-07
8.41298e-07
7.02891e-07
-8.88602e-08
-3.87052e-07
-4.52992e-07
-1.00347e-06
-1.26718e-06
-7.37014e-07
-5.58748e-07
-3.68698e-07
2.61652e-07
7.20134e-07
8.56149e-07
2.28538e-08
9.73055e-10
-9.92588e-07
-5.0481e-07
1.1148e-07
1.0189e-06
3.05593e-07
-7.82863e-07
-7.576e-07
6.80411e-07
9.20934e-08
-7.33781e-08
1.5113e-08
5.82081e-07
-2.46355e-07
4.03353e-07
-3.21424e-07
5.61029e-07
-1.07432e-06
3.075e-07
-5.31212e-07
3.06849e-07
3.97118e-08
-4.42706e-07
-2.50619e-07
-4.47254e-07
-1.10387e-07
-1.4362e-07
8.61255e-07
-2.93731e-07
-4.71719e-07
3.48261e-07
-6.70022e-07
5.67001e-07
7.01381e-08
3.53729e-07
-3.30455e-07
-8.85683e-07
7.42078e-07
2.68849e-07
-1.0136e-06
-4.80567e-07
-4.20976e-07
-4.88845e-08
6.85276e-07
-7.63045e-07
-1.78479e-07
-4.16672e-08
5.62963e-07
-5.0338e-07
2.82395e-07
1.68927e-07
-1.02682e-06
-1.01659e-06
4.93236e-07
-1.03873e-06
7.08921e-07
3.25597e-07
-8.6163e-08
-1.20228e-06
-5.11878e-07
-4.42544e-07
8.63118e-07
8.49693e-09
-3.99719e-08
-5.08005e-07
6.04674e-07
-1.29247e-06
-1.05963e-06
-6.56961e-07
5.77232e-07
-3.2671e-07
1.04903e-06
-6.8595e-08
9.71318e-08
7.391e-07
-3.75548e-07
1.67103e-07
-6.47776e-07
-8.79093e-08
1.96991e-07
-4.80975e-07
1.4988e-06
9.31673e-07
7.94642e-07
5.78878e-07
-6.14631e-07
5.6125e-07
5.18059e-07
1.75526e-07
-1.05142e-06
-5.32823e-07
-8.30761e-07
-7.49818e-07
-1.60785e-07
-7.52663e-07
2.4022e-07
5.24552e-08
-3.76017e-07
1.94964e-07
-8.21163e-07
-4.26953e-07
-2.02311e-07
6.76866e-07
7.69317e-07
2.98115e-07
3.76965e-07
3.93498e-07
1.75856e-07
-9.40312e-07
-8.74162e-07
9.28389e-07
3.32692e-07
-7.80276e-07
-1.07838e-06
1.2939e-06
1.19132e-06
-1.36188e-06
-1.23215e-06
1.3577e-07
8.64036e-07
4.72448e-07
8.46684e-07
-2.93771e-06
1.39269e-06
1.51633e-06
-1.42397e-06
-3.16261e-07
2.76255e-06
-2.80412e-06
1.16772e-06
-4.64107e-08
-6.57573e-07
6.07462e-07
-5.82724e-07
3.60402e-07
1.22901e-07
5.3422e-07
-2.1817e-07
-5.74324e-07
-8.77796e-08
3.63325e-07
4.24949e-07
-2.85522e-07
6.54283e-08
-1.52561e-07
-3.27117e-07
3.96098e-07
1.55163e-07
-4.1479e-07
8.63177e-07
-4.53678e-07
-2.19026e-07
3.02836e-07
-3.19323e-07
5.00606e-07
1.89754e-07
-4.88587e-07
1.51665e-07
2.99765e-07
1.12601e-07
-3.05415e-07
9.04208e-08
1.48611e-07
2.3988e-07
-3.32681e-07
3.2476e-07
-1.10987e-07
2.81389e-07
-9.85307e-08
-1.56069e-07
-1.67515e-07
2.30225e-07
-1.49545e-07
-1.34053e-07
-2.24412e-08
-2.34298e-07
-4.67022e-09
4.67978e-08
-2.37675e-08
3.02512e-07
2.9314e-07
6.78504e-07
1.15104e-06
1.63388e-06
1.84064e-06
2.76302e-06
3.10714e-06
3.82047e-06
3.85774e-06
4.61482e-06
4.488e-06
4.5776e-06
4.55341e-06
4.11304e-06
3.71443e-06
3.09652e-06
2.53355e-06
1.88676e-06
1.2111e-06
5.88103e-07
1.34429e-07
-1.49057e-09
1.39085e-06
9.08043e-06
1.65544e-05
1.0676e-05
-8.60381e-06
6.03264e-06
-4.7724e-06
-1.96114e-05
-1.18412e-05
-7.12142e-06
-3.03195e-06
2.70535e-06
-1.68063e-06
-2.24852e-05
-1.48344e-06
-6.94406e-06
6.84566e-06
1.89157e-05
1.37301e-05
9.18347e-06
1.0744e-05
-8.63695e-06
-6.09907e-06
3.29405e-07
3.26099e-07
3.00246e-07
3.17577e-07
4.9202e-07
2.08029e-08
-9.07759e-07
-6.66258e-07
-8.10897e-07
-3.88618e-07
3.93305e-07
1.06051e-07
-1.45667e-08
9.60172e-07
9.07394e-07
1.06616e-07
-1.19786e-07
-7.6131e-07
-7.6968e-07
-4.98011e-07
-7.22409e-08
4.30246e-07
5.44035e-07
-1.49774e-07
-5.89102e-07
-8.03612e-07
-5.98392e-07
6.70909e-07
1.06208e-06
-1.00116e-06
-1.39259e-08
1.43022e-06
7.00737e-07
-5.04076e-07
-4.03546e-07
-2.60051e-07
1.18031e-06
-2.33163e-07
-1.06239e-07
-1.03564e-06
-8.28162e-07
5.08291e-09
5.30974e-07
6.32815e-08
7.09825e-07
1.02681e-06
-4.67469e-07
-1.28899e-07
1.00333e-06
-9.79253e-07
-8.65508e-07
-1.27144e-06
-4.32887e-07
1.22218e-06
-7.16457e-08
4.3413e-07
5.31206e-07
3.91675e-07
-2.47102e-07
-4.07937e-07
2.15082e-08
-7.78868e-07
-2.67416e-07
-1.0186e-06
2.36689e-08
-7.01773e-07
6.39396e-07
1.08388e-06
3.2591e-07
5.29664e-07
-1.46811e-06
-7.1685e-07
-9.18701e-07
4.84661e-09
1.1671e-06
-1.43298e-06
5.47147e-07
1.15842e-06
-5.67077e-07
5.98207e-08
-1.93574e-07
1.24393e-06
1.38362e-06
3.87526e-07
-5.03735e-08
-2.4128e-07
2.12563e-07
-6.23923e-07
1.33813e-06
-1.54156e-07
7.15517e-07
-3.41868e-07
5.16259e-07
-6.25908e-07
-8.53339e-07
1.21517e-06
-5.2841e-07
2.72684e-08
-2.4925e-08
-8.0959e-07
5.39921e-07
3.80303e-07
1.21115e-07
-6.06377e-08
-1.86248e-07
3.74251e-07
9.18731e-07
-5.11671e-07
-1.0215e-07
-8.20081e-07
-2.91834e-07
-1.22061e-06
-1.69769e-06
-7.89479e-07
-8.55481e-07
-4.07271e-07
4.20263e-07
4.28301e-07
4.38842e-07
6.1492e-07
2.63211e-07
6.06793e-07
3.2639e-07
4.71867e-07
2.83658e-07
-6.26191e-07
-1.11341e-06
-4.01189e-07
5.1963e-07
-2.90049e-07
8.39842e-08
6.94053e-08
2.27909e-07
8.54228e-08
-1.57288e-06
-8.27481e-07
1.10589e-06
1.04589e-06
3.32518e-08
-3.0033e-07
-1.41692e-06
-3.22403e-07
2.53747e-06
-1.22526e-06
-1.19363e-06
1.76692e-06
-1.07771e-06
1.66424e-07
3.8097e-07
-3.91113e-07
2.53285e-07
-8.59576e-07
5.3534e-07
5.35409e-07
-6.39661e-07
-1.08545e-07
8.90807e-07
-1.97205e-07
3.47638e-07
-4.07768e-07
-6.61297e-07
4.8699e-07
1.98947e-08
1.66837e-07
1.10589e-07
-2.93826e-07
-3.3529e-07
2.06619e-07
3.80007e-07
-4.52558e-07
7.00772e-07
-5.52436e-07
7.24351e-08
4.41385e-07
-9.91667e-07
1.13048e-06
-5.66357e-07
-3.70802e-07
8.59912e-07
-3.87557e-07
2.55807e-07
-6.55892e-07
3.41274e-07
7.18293e-08
-3.82167e-07
1.98643e-07
-3.25213e-07
2.42451e-07
-1.34732e-07
9.60891e-08
-5.72481e-07
-3.24867e-07
2.20303e-08
-2.67076e-07
-3.60632e-07
-3.25937e-07
-4.26218e-07
-1.46878e-07
-4.19327e-08
1.55097e-08
9.418e-08
8.177e-07
9.42108e-07
1.38961e-06
2.15788e-06
2.71849e-06
3.18195e-06
3.64958e-06
4.25484e-06
4.50693e-06
4.58783e-06
4.66338e-06
4.58204e-06
4.37919e-06
3.81583e-06
3.4455e-06
3.08201e-06
2.31732e-06
1.96756e-06
1.32298e-06
9.14753e-07
4.36941e-07
5.16789e-08
6.84725e-10
6.96622e-06
8.36511e-06
2.56731e-06
-1.79371e-06
-3.19238e-06
-2.43225e-06
-1.26071e-06
-1.87666e-06
-6.36588e-06
-1.29892e-05
-1.68611e-05
-4.57741e-06
7.47643e-06
-2.14359e-06
8.22459e-07
-3.07475e-05
-2.57251e-06
-1.7927e-06
2.2104e-06
4.61462e-05
-4.10608e-05
2.2311e-05
9.25635e-06
4.07348e-07
9.17221e-07
-2.03374e-07
7.79344e-07
9.31999e-08
1.21775e-07
-6.30109e-09
5.84494e-08
2.27611e-07
-1.22807e-07
2.08007e-07
9.0027e-07
9.10042e-07
6.86261e-07
1.36245e-06
2.46679e-07
2.22659e-07
-4.65122e-07
-1.21562e-06
-9.88886e-07
-4.07497e-08
9.22616e-07
1.07474e-06
4.91205e-07
-8.04273e-07
-1.43433e-06
-1.32494e-06
3.70436e-07
1.63314e-06
-9.28589e-07
-1.32509e-06
-1.04864e-07
6.05003e-07
-5.10479e-07
-4.18329e-08
1.75416e-07
4.9872e-07
3.00406e-07
5.26501e-07
2.28663e-07
1.54045e-07
3.00567e-07
6.6113e-07
-2.45344e-07
1.09603e-06
-2.91346e-07
-1.15897e-07
-1.71142e-07
-9.63824e-07
-5.47593e-07
-4.34223e-07
-4.12104e-07
1.50488e-07
-2.00814e-07
3.66723e-07
-3.72354e-07
-6.09523e-07
4.36994e-07
9.33719e-08
-1.01351e-06
-8.06336e-07
-5.51361e-07
-8.21037e-07
5.20776e-07
-1.54993e-07
1.11856e-06
2.45489e-07
4.70084e-07
2.94066e-07
-2.80087e-08
4.28807e-07
-4.68996e-07
-6.58915e-08
7.77454e-08
-9.63843e-08
1.41845e-07
1.16315e-06
4.23203e-07
-7.33056e-07
-8.63479e-08
-1.92914e-07
3.61381e-07
6.998e-08
-3.787e-07
-5.05441e-07
-8.42104e-07
8.5131e-08
1.66158e-07
-4.21492e-07
1.0431e-06
7.26464e-07
-4.64165e-07
-1.77547e-06
2.04027e-06
-1.09572e-06
-1.52395e-06
7.50817e-07
-1.06877e-06
-7.50673e-08
2.03665e-07
8.21374e-07
4.243e-07
-2.64679e-07
-1.29547e-07
2.59915e-07
-4.13893e-08
1.08699e-06
5.87402e-07
4.57217e-07
2.03497e-07
-1.57093e-07
-1.80816e-07
2.00451e-07
3.34274e-08
-6.43482e-07
-5.07049e-07
-2.32318e-07
-6.75998e-07
-9.7593e-07
-2.74944e-07
-3.49867e-07
3.44026e-07
9.37826e-07
1.16791e-06
1.01823e-06
5.86309e-07
1.31356e-07
-3.20459e-08
-3.26907e-07
-4.64878e-07
-1.84475e-07
-1.11603e-06
-1.64825e-07
-6.82929e-08
2.47067e-07
1.2091e-06
1.92789e-06
-7.58232e-07
-1.41222e-06
-2.0686e-06
3.24307e-06
1.14609e-06
-2.25626e-06
1.39778e-06
-1.68872e-06
-4.49404e-07
1.54786e-06
-1.5758e-07
-1.6362e-06
2.02843e-06
-2.13975e-06
2.19996e-06
-1.39749e-06
5.46407e-07
3.67277e-07
-4.76536e-08
-9.58518e-08
-6.54477e-07
-8.63477e-08
4.55857e-07
-2.49063e-07
1.01992e-06
-7.26595e-07
-2.84695e-08
1.0008e-07
-3.22859e-07
3.86976e-07
7.78685e-07
-1.46656e-06
4.68407e-07
5.82755e-07
-1.09881e-06
6.69805e-07
4.54097e-07
-3.15942e-07
1.35923e-07
-2.60638e-07
-4.49899e-07
2.53695e-07
1.07864e-07
4.45467e-07
-5.67889e-07
4.81783e-07
-3.91436e-07
-5.63645e-08
-5.29692e-07
5.93956e-07
-7.65697e-07
-1.95049e-07
-1.138e-07
-1.10135e-07
-3.85669e-07
-2.59478e-07
-2.94858e-07
-2.97893e-07
-1.45112e-07
1.17363e-08
3.00056e-07
5.56892e-07
1.01523e-06
1.56415e-06
2.36371e-06
2.78054e-06
3.7706e-06
4.10638e-06
4.8425e-06
5.398e-06
5.50407e-06
5.71485e-06
5.61911e-06
5.61177e-06
5.0129e-06
4.63035e-06
4.0003e-06
3.31834e-06
2.76505e-06
2.01003e-06
1.4579e-06
8.63253e-07
2.91654e-07
-1.2869e-07
-4.26417e-07
-8.41746e-07
-1.62522e-10
-3.40038e-06
-1.59751e-05
-1.67106e-05
-2.15855e-07
-5.81148e-06
-8.93569e-06
5.35155e-05
2.33831e-05
2.52432e-05
-6.82284e-05
1.72408e-05
-2.88906e-06